-9.761825613319377037e-01
2.708935315745612527e-01
1.889453334762229986e-01
-6.497951518663855897e-01
3.288040737549449144e-01
2.504909918877757935e-01
4.289747322314782507e-02
-3.703573496606408222e-01
-2.042765863305744667e-01
-5.375406933043486157e-01
-6.182256599189613899e-01
2.139993865815894014e-01
9.595251720709634391e-01
5.441485647426862471e-01
6.293562669616815652e-01
6.368819355069770261e-01
4.506184248100479350e-01
-8.966664740088762242e-01
8.963645741975445613e-01
-7.614619680638402555e-01
-9.097446132975369748e-01
6.541801429333444773e-01
9.898200703725409944e-02
8.796131517626581964e-02
6.147933584349078995e-01
-9.321751211729248365e-02
-6.545785751426764776e-01
8.170241573876088070e-01
-5.368400864205533640e-01
-3.875704856970811352e-01
2.460879796712299172e-01
-8.636954179893294170e-02
2.064783736406576309e-01
-1.490417221925674773e-01
-5.182153863917403624e-01
-9.661942398151013300e-02
4.636802931061834721e-01
-4.500616695054786565e-01
1.063582872046507227e-01
8.404477323663621657e-01
-1.476235200262779879e-01
-8.210905756078845652e-01
-3.116791473936051521e-02
-3.228597137282388507e-01
-9.062727954384898199e-01
-8.836102922384039271e-01
-5.501770621233053049e-01
6.094812953624419993e-01
3.164978662746936178e-01
1.942866599545896023e-01
-7.972297935094678767e-01
-5.794767122486919053e-01
-3.777938590009917164e-01
-6.915919478583943958e-01
9.902700301755327228e-01
3.855078272286021068e-01
9.708357230184864184e-01
-2.514062823886625275e-01
1.440340861127615592e-02
-6.736150809075859280e-01
-1.049185373055969706e-01
-1.359925582549922907e-01
-2.289301608773131047e-01
-5.558477872663628583e-01
-1.819193365107887039e-01
-4.920500668693509883e-01
4.171332872845607276e-01
3.177089170472871538e-01
4.628884196140145568e-01
4.293246788182947249e-01
8.623781868087776470e-01
5.516863116922913202e-01
2.752336912204271790e-01
-9.884161835254837714e-01
-8.086975715335479320e-01
-5.060996178290987357e-01
-2.626472987949509674e-01
7.023393064730686260e-03
6.922242678969203755e-01
8.245868928678469212e-01
9.457708388688156331e-01
7.409472409739111809e-01
6.681523873562585925e-01
3.117968709314973275e-01
3.834287233088444213e-01
6.900866571087079793e-01
6.052938300248231762e-01
-6.323860362558931802e-01
-3.402799738317423550e-01
-3.521974584477192138e-01
2.740524204417845722e-01
-3.624517858757342337e-01
-3.257064363845230681e-01
4.321079515727301867e-01
-1.604270412956344538e-01
4.608496046587544082e-01
-5.723703215762695334e-02
7.271743055506794118e-01
3.756359199466580701e-01
-9.379047127133776085e-01
3.410324766502791927e-01
4.012563468667665889e-01
-1.377690741683819109e-01
-7.776569553377514765e-01
-3.310422320835459953e-01
9.009409642887196146e-01
-4.701945487993267059e-01
2.981758426491254999e-01
3.163409323713373134e-01
-5.225458937877087706e-01
6.700758770803658670e-01
4.703448215349786965e-01
-1.946014580760817847e-01
-3.577516733360867063e-01
6.217326204765077913e-01
-1.992998052440411172e-01
1.562924910134774192e-01
-7.941580280136869563e-01
6.986273741871806831e-01
1.590917298538663538e-01
-9.124463593600604661e-01
5.508387325981064508e-01
-2.123822333739710799e-01
-6.022937638668374172e-01
-1.594819073659306807e-01
9.568030829837563811e-01
-7.971619005684207337e-01
1.000000000000000000e+00
3.671402437186927492e-01
-4.705420564890985258e-01
5.012105331461431251e-02
3.835987576142869115e-01
8.061989478589695612e-02
-3.654979194559653255e-01
-5.376996298994802803e-01
-1.052871358997018031e-01
3.895946538283036609e-01
1.022742876342101481e-01
2.388590798522699163e-02
6.363767255012582336e-01
8.747131271840747901e-01
1.000000000000000000e+00
1.000000000000000000e+00
-2.875993964850233620e-01
5.257824526643998381e-02
7.006361371365488200e-01
4.442822941822238136e-01
-4.205815196390896293e-01
5.713925886136371757e-01
4.783578422283050746e-01
3.308207831373380370e-01
-3.689605823622107289e-02
2.127614870617667853e-01
6.097508945663837610e-01
-5.312645993750905182e-01
6.054033603122168650e-01
-5.821998879124217208e-01
-3.334101893918772763e-01
1.588915097187693637e-01
8.688016656883942868e-02
1.642714579574510447e-01
-6.069819610261367737e-01
4.850121349031973339e-01
-7.513191490065795897e-01
-2.775555261296351328e-01
-3.286024144666676028e-01
8.232259221028735974e-01
-6.211203172325965305e-01
4.085030107576544389e-01
-8.227591454554038231e-02
4.000826326326538673e-01
5.578221190890692016e-01
-8.917042088248431156e-03
8.801691246464283802e-01
9.486440521846504215e-01
6.377080144686329000e-01
9.665503449452611529e-01
8.365666536032991818e-01
4.985852333828175859e-02
-1.102995755870101180e-01
8.342311687977153056e-01
-8.539738749912993976e-01
-8.019362970710496308e-01
2.764647048340767022e-01
-6.176439614623602248e-01
1.481832873183799026e-01
8.830238677055364249e-01
-5.926016095403526807e-01
-8.668390959094431913e-01
2.104609751453447586e-01
3.472089868826109260e-01
-1.108333306391054845e-01
-7.035718885597420647e-01
-8.493214417070542588e-01
-8.665446230915546666e-01
1.639160802129934202e-01
-7.752542291811659325e-01
1.894013112952954436e-01
1.657594628859069275e-01
-1.845280111001786766e-02
-1.556049806534348934e-01
7.174909632737592746e-01
-9.922188976055532628e-01
1.053846921630598871e-01
1.051653927237919915e-02
-6.871624756150321867e-01
-1.434015245614330136e-01
-6.269021914652377347e-01
1.522335145112432286e-01
8.049597611836044608e-01
5.604328775107553229e-02
9.211600638542144504e-01
-6.385006254841747442e-01
2.813863757386749626e-02
-5.345362906274157000e-01
6.827795222251983320e-01
8.956232485191304438e-01
7.018746342836862384e-01
7.147732165261627690e-01
-7.064794774908581543e-01
-2.805549773687735504e-01
7.939760553039628688e-01
-9.724315301486438079e-01
-7.860957467475256921e-01
-5.874580428465586701e-01
-9.564493351294611756e-01
5.813095993824541896e-01
1.311020451754324190e-01
5.531224228537212628e-02
-3.667826951599805763e-01
9.554581826880972351e-01
5.203472199819323407e-01
9.318058820668417841e-01
2.946127093869740365e-01
-2.800261130113227970e-01
-8.300174354587979142e-01
-1.938956995663640992e-01
3.734153800498360432e-01
4.499343925920694653e-01
-6.043968538779723731e-01
3.668438817045163725e-01
-2.800100226785588037e-02
-1.885932710556433300e-01
3.241697080373609485e-01
6.067373019208306406e-01
-3.168283728798856336e-01
-9.490151447481883773e-01
-2.907887626642943063e-02
9.514324837671064294e-01
1.961960143922285293e-01
-6.759109856195073540e-01
1.120638929892141117e-01
-9.672075691236211581e-01
-6.054714645841372533e-01
3.546872255042030631e-01
-8.400439559072591100e-01
1.548286260017872965e-02
3.182518055282490543e-01
-6.440243990717618994e-01
8.351689378571985900e-01
3.322465955098269363e-02
2.652252389725904269e-01
6.690805927995202573e-01
7.926449871000642577e-01
-5.646037100673317877e-01
-3.832755705530308532e-01
2.788259254943539767e-01
-3.411483599721246152e-02
7.298439650444052962e-01
-3.699044203208551318e-01
-2.493935964420590790e-01
9.567106402407129506e-01
-7.548402742826100242e-01
-9.438751296965962601e-01
1.945748687715006253e-01
-9.844148098260047108e-01
-3.461746571247124038e-01
2.862870748130371124e-01
-5.320358899183379869e-02
4.121854554034116713e-01
-5.817966979770473612e-01
-4.310600468527954199e-01
9.215221640424557936e-01
8.272199727128613789e-02
8.434213996212164277e-01
4.712631509369137328e-01
1.000000000000000000e+00
1.000000000000000000e+00
-3.603307545637047249e-01
-9.163444589828489972e-01
5.837527594741694914e-01
-9.695203257226265858e-01
8.347682292857218078e-01
9.926788694813297731e-01
-4.549451957239918354e-01
4.133488814931368105e-01
1.000000000000000000e+00
3.542508090520105068e-01
4.428665930346425798e-03
3.012693811560969714e-01
7.008105199240401983e-01
-1.206456032103401105e-01
1.000000000000000000e+00
1.000000000000000000e+00
-5.744239729818800821e-01
-9.543928506390780830e-01
3.620652924591024613e-01
3.869809965954432718e-01
8.539004546982549293e-01
7.282945226691953655e-01
-5.981559324508992637e-01
2.450523014500954333e-01
9.013095334270790904e-01
-2.880100232048056208e-01
1.000000000000000000e+00
-2.814994332166381730e-01
-2.377293909344913303e-01
-4.308014130846206657e-01
1.000000000000000000e+00
-6.318977905760377219e-03
4.425292906183131425e-02
-6.305526965805733353e-01
-8.583506842987232988e-01
2.746410709562664698e-02
-6.655610145089772001e-01
4.591075574496754630e-01
5.217241150675000494e-01
8.338826155873211299e-01
-9.917039592288923178e-01
2.108857011056906039e-01
6.146266115731112700e-01
-4.961901158387772015e-01
1.837621292914282667e-01
-2.034973765821573022e-01
5.738290376634889167e-01
3.741117441683033951e-01
-8.722029143570607657e-01
7.750563443130368269e-01
9.334578754557747438e-01
-3.113718304640664680e-01
3.298630082009977871e-01
-6.747696407491576842e-01
9.732315829564239795e-01
-4.570180655452479312e-01
4.057098925300453018e-01
5.561203113767477779e-01
-2.726935302010863871e-01
2.084337219993811219e-01
-9.244436995439446747e-01
4.760850276636833245e-01
7.524009142357741542e-01
-4.601454548802107469e-01
-6.722040767904161607e-01
6.976937712045581108e-01
-1.962165569842333757e-01
8.690783025201349599e-01
3.063663617690715602e-01
-9.848033281539619876e-01
-4.321835642448355608e-01
8.022716720547444780e-01
2.494389898759699908e-01
-9.428051611683117006e-01
5.318059430805626153e-01
-5.130629651541691594e-01
9.262593428729318235e-02
-4.670736052961775853e-01
8.373142982601328166e-01
9.064518793936348073e-01
8.161575539406161761e-01
6.099633608190153655e-01
-8.043766156734820649e-01
-8.501973174468950914e-03
6.487760946933855966e-01
3.930292152601133071e-01
-9.502964293347487823e-01
8.839621342915491287e-01
7.917582980227976241e-01
-2.929624962482291206e-01
-9.374935170338654089e-01
8.873082948063875097e-01
-4.481639366498915700e-01
8.836257497279231821e-01
9.283870446703950119e-01
8.805773910834805429e-01
-6.478166413688242198e-01
-7.819645999997487662e-01
1.841257999699569547e-01
8.599368039617827364e-01
-6.931968325377200202e-01
6.763134145110806239e-01
6.590649250161292327e-01
6.520938321963156703e-01
1.632938712878021781e-01
5.220479092342080740e-01
4.097079305008546335e-01
1.304099644790094603e-01
1.153241401853346004e-01
-2.733423890841186754e-01
-6.252747303549270885e-01
-7.869593531624164973e-01
-7.987700108372325358e-02
-6.556239744109213508e-01
4.962921993382171659e-02
3.956761887188259830e-01
9.598740871608888447e-01
6.996146213742261422e-01
-8.367709389198497716e-01
-3.586997830759690031e-01
2.460205993840352493e-03
-2.764334501347349704e-01
-5.618531089688504343e-01
4.337368332573360852e-01
4.266044423952471409e-01
3.274462759120708166e-01
-5.115836941723563847e-01
5.095329174257742233e-01
-7.819889098371719527e-01
-5.914828599426446010e-01
2.448950637138090913e-01
-7.122362140170872546e-01
5.839887972459596455e-01
-2.894474127054921797e-01
7.033217300336275235e-01
-1.494564899926688617e-01
-7.869186353991187710e-01
-3.056259055056079199e-01
-7.573714704480765114e-01
8.952923786850548460e-01
-3.187080077861279004e-02
-4.424699169461220882e-01
7.120493948671867690e-01
-4.328781956056036440e-01
-7.193101473371400489e-01
-7.177919756166452336e-02
4.549531174648638321e-01
-3.887208957399281295e-01
9.943073264212737294e-01
7.624339497906938989e-01
-7.057399429691320059e-01
-3.154070806666977589e-01
-5.854123482537227918e-01
1.000000000000000000e+00
9.576410344713204292e-01
5.368062423086299439e-01
5.291281790008223185e-01
-8.071653898559301432e-02
-7.325159869180120076e-02
8.315823710970585703e-01
-5.694053632739479731e-01
1.540999812651297762e-01
-9.070274480165500808e-02
1.567202931503897390e-01
1.000000000000000000e+00
8.511896633832236603e-01
4.794334339690268232e-01
-9.220512770031279448e-01
-6.574570659222815916e-01
1.000000000000000000e+00
1.739228403708105164e-01
1.000000000000000000e+00
6.136852520993002491e-01
6.853468304152191548e-01
7.713427634845486658e-01
9.999963994342293550e-01
1.631288761173942115e-01
6.304323706638162994e-01
1.979111804605298286e-01
9.568586701504702141e-01
-3.279527171437627286e-01
1.000000000000000000e+00
-1.572510985503842718e-01
7.932910731596225506e-01
-3.214447288492452981e-01
7.664633334502815032e-01
8.375609956967834668e-02
2.628954561520521760e-01
1.000000000000000000e+00
5.228031679894233896e-01
-1.183350899788353644e-01
8.368894839725121715e-02
-7.334989599507690805e-02
-9.282066596064899588e-01
4.777824247289348958e-01
2.953113647707813344e-02
-1.842280080649629503e-01
4.868289046354489225e-01
-5.115047490413351383e-01
8.480940302290619348e-01
7.829634225422840155e-01
2.200574271801987170e-01
-6.626516142861157421e-01
4.704955375138253348e-01
-6.604580379649410693e-01
-8.288926852490871577e-02
-5.586733410333457606e-01
-3.384079909961268950e-01
8.763624251401322951e-01
-7.871024521622142778e-02
8.365465526729947143e-01
-9.082088696688894736e-01
7.968916253696219920e-01
-5.319011311010148901e-01
7.835907099633617756e-01
-7.855503005224240276e-01
2.492317915740523970e-01
6.732058239224471274e-02
9.936939047126173152e-01
3.845949067562386414e-01
8.683960903705327528e-02
5.283624968270378419e-01
6.435340987061672902e-01
-3.343343957934137856e-01
-8.290049939122806633e-01
5.525149026480844494e-01
2.868055634018241984e-02
8.958634506808140774e-01
5.879252572889328565e-01
-6.126892113394991624e-01
-2.129225745135919778e-01
7.388390119676764289e-01
8.509447277450279956e-02
2.591164807065688969e-01
-7.874079264439891590e-01
1.375751837560232060e-01
6.595517419873121456e-01
2.907231897249804575e-01
-1.952446266529385410e-02
8.593325130076836516e-01
-3.360870868539245215e-01
4.466563704088792885e-01
4.520639151576995030e-01
-2.870584561704241922e-01
-1.612288658030955335e-01
5.876595652312449625e-01
7.273528176275315116e-03
2.013104703254153527e-01
-1.577590072228406415e-01
-9.264464696235412688e-01
8.187079861940558256e-01
-8.266418489436498929e-01
4.185386146570949095e-01
-1.176267232599456092e-01
-1.299668705540581171e-01
-9.858728741769721138e-01
7.912478954399708719e-01
-8.618136396423242696e-01
-8.269448472970596375e-01
-6.678556843980656410e-01
8.006971628809341768e-01
8.172513036720839563e-02
4.942288818911978465e-01
-1.637851752432735453e-02
2.882245896721639111e-01
4.992263172344824640e-01
-4.091560886237181893e-02
-1.829252914900370008e-01
9.283295410462951702e-01
1.621547930277851268e-01
9.198176310640075737e-02
9.821915943098705748e-01
-2.190623451258520010e-02
1.061658103148972049e-01
2.674380163655623588e-01
-9.626871240236578586e-01
3.151336622996676606e-01
-9.124842065610963004e-01
-9.091805264276464627e-02
7.692665671395940707e-01
-5.683168533422384705e-01
-7.217334107834610935e-02
-5.840326430488717024e-01
2.265882360564411002e-01
6.098036438519518487e-01
-8.061003464226127457e-01
8.225257610302101341e-01
-7.358290778252800368e-02
5.528769161077944361e-01
5.677973806955759484e-01
1.855222848723370455e-01
-8.010812191117389069e-01
-5.192003839234522466e-01
-2.390416880932050847e-01
-2.621380133121434253e-01
-7.398260489856334221e-02
8.534599491768265489e-01
-1.935165371146500002e-01
5.997221958297244138e-01
2.691994599166406821e-01
6.390766304982599122e-01
-4.138180345796533821e-01
6.595546412516325452e-01
1.258246228416879664e-01
-8.956274069706251506e-01
9.989039889536717176e-01
8.686276857012539265e-01
-2.161990226810241167e-01
-7.423556423465444976e-01
-3.559669048281895870e-02
5.740111433172202099e-02
5.015560309829816266e-01
9.920001039252682729e-01
3.407581882392460293e-01
1.541560881936675231e-01
-8.508408468371747579e-01
-4.794051315311764760e-01
-3.666790025795397812e-01
9.923216842155044848e-01
-6.163750041549319603e-01
6.996156534453884523e-01
9.994153067669910850e-01
-6.327953259048128831e-02
-8.373077327679957493e-01
6.405933327206001504e-01
9.567854007232264035e-02
2.693811298855215974e-01
-1.364359623493030249e-01
-3.681177247872894354e-01
1.628451630181725063e-01
6.140223778064902715e-01
3.388233163292153627e-01
-6.102764261847458682e-01
8.692220421655697526e-01
8.542855997093383724e-01
-8.258488500138478905e-01
-4.787126286760607918e-01
-5.058233800058511420e-01
2.074916885437980418e-01
9.137453112704262415e-01
2.362056631441541987e-01
-6.670252821565869628e-02
3.341868992909660108e-01
-8.304909232169853661e-01
7.825283685201773753e-01
-2.115278609460996828e-01
9.999996083084959908e-01
-2.185834066378601059e-01
1.354662396351724585e-01
-6.628027218491344685e-01
8.563886849979383820e-02
2.407792062926773502e-01
-7.062622219494253395e-01
-4.943390318288970464e-01
5.393406589945048957e-01
9.649679458005595567e-01
2.932205627912436510e-02
-2.269209771681787446e-01
4.770090690623444152e-01
1.566225262046658517e-01
2.124948707958407568e-01
-2.098484879222174693e-01
-5.871621123991059843e-01
8.736676417736974898e-01
-4.494676217374563576e-01
-9.699524332409019678e-01
5.817971338377386781e-01
-2.778435432374808944e-01
-8.113319520335560142e-01
-4.395634784962200725e-01
4.199101214125880444e-01
-4.905696970041286686e-01
-6.585984775978326322e-01
-3.230428186075009478e-01
5.740915751700702563e-01
-6.262589491709663614e-01
-7.222232666694168302e-01
-5.010071069197913340e-01
-5.685821206615662149e-01
-4.686341247328268400e-01
4.015799541528544681e-01
-1.394998627792436996e-01
7.812143936021713475e-02
-2.917952383473182421e-01
1.773704002816067493e-01
3.246417813800474006e-01
-7.590364493822444603e-01
3.061407075283913981e-01
-8.754376350151075181e-01
-5.911743131957460928e-01
8.495493545257463142e-01
8.864600465993364153e-01
9.853619240786712918e-01
5.940135562581146944e-01
1.793685421573245897e-01
2.967881131783713933e-01
1.130047850914234348e-01
-8.194357790202023706e-01
-3.382805035013065620e-01
9.280048007678675104e-01
-9.143329963973676477e-01
9.079254168300333605e-01
4.610646318182711756e-01
7.404639661896635916e-01
6.331438246040546058e-01
6.440443605840194818e-01
6.829098680035076141e-01
7.266927879819089497e-01
8.173164581659735362e-01
-1.607363096174836432e-04
-8.034983381434286365e-01
-8.797778968681848610e-01
-2.660065205212136519e-01
7.812315549715855845e-01
-6.837250757685067182e-01
-8.926547675110656499e-01
2.859360042957865278e-01
-7.703000838778527593e-01
2.812859320434701327e-01
-2.185069261763727122e-01
-8.625036510101462550e-01
-1.749492514510005148e-01
-2.445056180748053920e-01
8.387446144087592481e-01
2.634684992723835828e-01
-5.025939444176603932e-02
4.697293149496036269e-01
-2.224376608504747069e-02
5.984802833980281678e-01
-6.902761050008382471e-02
4.077765585628013167e-01
-8.883279181353074261e-01
-3.244380452958368632e-01
3.020532588948928177e-01
-7.352649138586548894e-01
8.930146462230017512e-01
-1.298238557316884756e-01
5.394298444826471917e-01
1.162444299188362673e-01
8.590056774811962725e-01
-6.607489966794891645e-01
5.522412677329721804e-03
-9.773601213453972925e-01
-8.968144288342291270e-01
5.445273084778918804e-01
9.068145838789634094e-01
8.642116419225957802e-02
9.194379306345852321e-01
6.296518669339679075e-01
6.274201377528121348e-01
-4.762258456712912397e-02
-7.010637138329961493e-01
1.683145161339150431e-01
-1.356951291717619079e-01
-8.347711893669313987e-01
-2.102635094400509552e-01
4.464831267505395829e-01
-4.880471293065219984e-01
-4.088222106940362366e-01
-4.371574383111975215e-01
-8.188807340611117258e-01
5.860636879794152154e-01
3.306242387971017882e-01
4.586571915127459764e-01
5.760729768864694122e-01
-3.780550098142728688e-01
-4.879873097708555818e-01
5.931716861553071318e-01
-7.064524183724203432e-01
-7.801955062857054424e-01
-2.460480109526121395e-01
-7.044406910046495662e-01
-6.525064518495385935e-01
2.575939518354338764e-01
7.878340288332547070e-01
7.391697149851973458e-01
-5.735510131818777335e-01
6.394857126770625566e-01
6.287387677420538390e-01
6.810961151750770659e-01
3.902715165667491326e-01
1.912317746925857502e-03
7.083533440503942957e-01
-6.719964960387492248e-01
4.984991078649192442e-01
-2.071603661845882252e-02
5.205750496139092132e-01
-1.752895720008682268e-01
9.392663860172306700e-01
-5.252005295976355237e-01
1.095570356668275208e-01
-5.590592128032421115e-01
-3.164891322316497058e-01
-4.217545772499429191e-01
9.176959618416276054e-01
-8.385365859766739094e-01
3.978794538445452056e-01
-5.761205602377410528e-01
1.129880251376855216e-01
-7.747521182429283754e-03
5.329685407141546705e-01
8.789393877829395629e-01
-3.974199041803184729e-01
9.674760142000471408e-01
-2.194732079385170731e-01
-1.181458901437122400e-01
-3.806914552108333072e-01
6.496334311011842111e-01
-6.842850559226794083e-01
8.989586751007844212e-01
-1.926942969404369932e-01
-2.826324754068500478e-01
1.000000000000000000e+00
8.334150044842917326e-01
6.277828022830651833e-02
8.880235200869046608e-01
-2.052931535573260524e-01
3.211254737921261371e-01
2.181410597566287302e-01
3.122574185408934500e-01
5.338886364717851940e-01
-9.549245718651284687e-01
-1.110580387754645515e-01
2.677989021182301532e-01
-9.393503414422448294e-01
3.116024617875847724e-01
4.135237125402383418e-01
-9.248306090912725708e-01
7.155049794700083510e-01
-3.277465531447536825e-03
-9.191278249545005163e-01
-9.762267576534918723e-01
6.148429150190778403e-01
7.930981021809994091e-01
-4.046148713894731075e-01
-4.931874109309629106e-01
3.849039783277181104e-01
-6.753184680931331174e-01
4.242762301413691151e-01
1.404294654305582868e-01
2.489169282687511975e-01
-2.848344056696313076e-01
-4.705205542035904021e-01
-4.476029870673058353e-01
-3.101858131337101310e-01
8.890388614649266108e-01
7.470846960480074239e-01
5.637414342320673510e-01
6.160550044491516219e-01
-2.983026470090604024e-02
8.320657681547827256e-01
7.927574633814605809e-01
-4.415530714065828422e-01
6.711763017796544828e-01
5.610653412917243621e-01
5.663575196321262162e-01
-6.829837261369651191e-01
7.268212258542435800e-01
-8.083974773098890898e-01
-6.242187498140056023e-01
2.833610338927209371e-01
6.372747716758906389e-01
1.205663021660823009e-01
-8.273689362597050900e-01
7.525041542771505609e-01
9.502640901916249438e-01
-3.477581666955864570e-01
8.861340876322738591e-01
-8.115988944636108871e-01
-9.015927837504489339e-02
-1.775743907905708296e-01
-1.324305111369513677e-01
-3.548414207085908711e-01
-8.708113811161105611e-01
-8.095792948240299047e-01
3.684380183729041858e-01
4.150135549239444832e-01
-6.162077571624532402e-01
9.369306152110844499e-01
-4.125576786494590809e-01
5.693008225992080007e-01
8.911561575278613700e-01
-9.596405057932364535e-01
-6.170850471282635086e-01
6.468791415798721411e-01
-8.108462024336419161e-01
-4.697589167249781039e-01
-1.158981049146424747e-01
9.294287165860252165e-01
8.378168484038296393e-01
5.788526490209242592e-01
5.466943807621330587e-01
2.361823644980017012e-01
2.424161175970890869e-01
-5.112560040475534473e-01
-5.816367185066589895e-01
-6.823426686194425939e-01
3.191089255020782001e-01
-1.978346591466212112e-01
-8.679064863031978883e-01
9.722340177427094554e-01
3.156460973261088765e-01
6.283557684873601890e-01
1.903083370022814191e-01
7.244773617282416200e-01
-3.049567628845413214e-01
-2.107449144685655806e-01
-8.883327397973497241e-01
4.353739659201767975e-01
-9.899390557615171948e-01
-9.997417853634114060e-01
6.326353090919056843e-01
9.071539780125522645e-01
-2.559040200525501962e-01
-1.529722607095168330e-01
-9.715253304560543812e-01
4.919430931488016356e-01
-1.985378774112140365e-01
5.564000936605006595e-03
-7.191226296373305349e-01
-3.167361206441866028e-01
-6.968173890865035913e-01
2.912186770151668491e-01
7.955418910052693970e-01
9.820880348637576196e-01
-3.693978096586846283e-01
-1.380332695690533462e-01
-9.833508398878926249e-01
-3.046302535292096381e-01
-4.011711522568500166e-01
8.157162487675556628e-01
-5.538310995950735949e-01
2.743672879378082907e-01
-4.347889107240144324e-01
-9.362886565612618672e-02
1.902372596012384953e-01
-5.707577738311232496e-01
-4.664535022861971969e-01
9.349569243150193110e-01
2.456659376054003141e-02
-7.988665586773024962e-01
-4.228045879933610696e-01
-2.709653570878898243e-01
1.319581479761313958e-01
2.241537893081382571e-01
5.398564104656989882e-01
-7.366858826341564637e-01
6.534477817171187308e-02
-6.845974290524338424e-02
-8.376432046951373112e-01
9.456003323909335512e-01
-4.537365597680969448e-02
4.329969810557595111e-01
-8.443314068504875758e-01
9.007719680342318735e-01
-3.578644380751596077e-01
9.898082205162597180e-01
-4.566693697562698717e-01
-8.680597244029599757e-01
4.763669181573003675e-01
2.852897821262401767e-01
-3.547791349445907350e-01
2.552327902482845468e-01
-5.126377038518615814e-01
4.946927296600734381e-01
9.976551690829090768e-01
9.591856267926192059e-01
-6.769979999938011694e-01
1.541312078569764266e-01
-7.795031872534873285e-01
-2.532279199528372216e-01
8.552430341379850809e-01
1.000000000000000000e+00
-8.529913353429330325e-01
2.142587815031034640e-02
6.702186630617781304e-01
6.776236998009539381e-01
-9.680175951966639714e-01
1.856068598440177853e-01
6.302800990091018685e-01
7.685771263087645133e-01
-3.312876980482980516e-01
-6.648583404856478474e-01
-7.599608276272857843e-01
-6.507461075103784243e-01
6.319936042344221905e-01
5.130233233645054014e-01
-1.010117602299465470e-02
-5.063060417786731104e-01
7.201041775184781057e-01
-7.863147583060865475e-01
-5.275750558301288695e-01
4.239837533515760509e-02
9.278031906890140679e-01
-5.420636643010269262e-01
4.315886504034999738e-01
3.615315912261142794e-01
5.519963724034343544e-02
-2.048557596377185985e-01
1.689920563791291741e-01
7.573700233525150205e-01
5.015000701078895506e-01
-8.336583348105747193e-02
9.168976794736625191e-01
5.424483292417534575e-01
7.859587131045681074e-01
4.965335081141050155e-01
-7.043887507451326302e-01
-9.407196322495678942e-01
5.905832152492540565e-01
4.913407624976283694e-01
4.583575937785307197e-02
7.736843864740089449e-01
-9.584706708548099696e-01
-6.673363811464151363e-01
2.002928914056252008e-01
-5.623109026953627687e-01
5.004239431954772277e-01
3.061419940497867587e-01
-3.926132486546765055e-01
-8.549892086021612103e-01
8.016763160222115658e-01
-3.792756392177681901e-02
-8.991359570497581277e-01
-5.198552493575513828e-02
8.021409078100643075e-01
4.629601024944383636e-01
8.427094775425922890e-01
9.419073571624746455e-01
-1.993316541331087433e-01
-5.711728543601674035e-01
1.839964307920135267e-01
-3.093284537027721770e-01
-5.229819961486703583e-01
-1.072971115780912976e-01
9.178567756758265750e-01
4.690203408376704686e-01
-8.763318863514171220e-01
1.906731498856662210e-01
-9.352981811061585882e-01
1.906101664209252367e-01
-1.932700259352809757e-01
-3.023815816319307959e-01
4.174155849911435207e-02
-2.895276703983233890e-01
-7.387033705495454905e-02
9.460848176378211516e-01
7.980820372455420530e-01
5.175107985801074006e-01
5.182290412963281856e-01
3.359731737858602518e-02
1.005052808142742615e-01
5.398277031157673322e-01
-8.826675561834973482e-01
8.409743735551666877e-01
-8.281627506157107632e-01
-2.130894008711443632e-01
-7.391597770663090872e-01
8.397606952365098687e-01
8.415613771619228078e-01
7.621342407844662603e-02
-9.910016992688106541e-01
-9.056424405583846093e-01
4.394312134594048902e-01
3.119764346396818877e-01
8.539302824616215593e-02
-6.495908501768996590e-01
8.456144304159017924e-03
3.090736982104461683e-01
-6.121945646627940940e-01
-1.990080951869041825e-01
-3.071813462588555699e-01
2.794483353656229685e-01
-3.930641592336309720e-01
-5.508266949298080695e-01
-7.725341880712348619e-01
1.925565707184223596e-01
7.548986684486881371e-01
-9.648054949540160186e-01
3.247820614430121378e-01
-3.199844549841984187e-01
5.670133826732000060e-01
9.139519845467620751e-01
6.830633116507422997e-01
-6.654316942317416439e-01
3.718923138180580401e-01
1.396849158358016429e-01
2.497171879861921906e-01
2.765899349782868222e-01
-1.595526887228931878e-01
-2.977336058147822540e-01
-6.527800868380141397e-01
-9.027046465595355285e-01
-4.416776157071098940e-01
-4.571207264751390720e-01
2.368926247403527474e-01
-5.198766429430780045e-01
2.502719827875412792e-02
9.692011197108072462e-01
6.022307559573867319e-01
-6.757643588021143843e-01
4.287319141383771903e-01
-2.982471184605313685e-01
5.823950324097415532e-01
5.699566183544275688e-01
9.235819065330350686e-01
-1.366178652683154304e-01
-9.439258376693919761e-01
1.981604014689195559e-01
9.948776986920578880e-01
3.055117058443007072e-01
3.197592097091328522e-01
-6.465800047094782954e-01
-6.692769500082905720e-01
9.562038824236361867e-01
-1.546569419609132856e-01
-3.587074257558064971e-01
-5.496256209791412495e-01
-9.452259022681741563e-01
-1.892077960108487222e-01
1.418268152927126546e-01
-6.392454460166929753e-01
-2.041623591284649764e-01
2.521285495125342169e-01
-2.550167893708943923e-01
1.985656414951671167e-01
-5.466462055212110288e-02
3.692524908066636691e-01
8.220121890833945733e-01
-8.168807162962072876e-01
7.206101211329138390e-02
9.999774537237215988e-01
5.316650050339278843e-01
2.912834984108922942e-01
4.695667535204730569e-01
4.340459272520877376e-01
2.769417921603983257e-01
1.139409405047040191e-01
2.714115535647008137e-01
8.880269150820775392e-01
-2.605879697051608490e-01
2.578091240293453046e-01
-8.700208371894637693e-01
-8.486087599529722469e-01
3.380677907335267185e-01
-2.492766491402709783e-01
3.028033568587810698e-01
4.550669457006366603e-01
-3.513152319658412459e-01
9.104796433232873465e-01
-7.779658198077070708e-01
-1.773220110292589580e-01
-9.668256471997738188e-01
-6.638593240750396696e-01
-6.024491039677595250e-01
-2.566775265025461605e-01
3.618038906245857333e-02
-4.069058671381937248e-02
4.072953792331345246e-01
-8.715979809130751654e-01
-6.778957064642725516e-01
-1.123280605079115535e-01
4.551151247450974102e-01
7.372454006596177445e-01
-7.424551914192854818e-02
1.203809255954381013e-01
-1.669551157357532234e-01
-1.920768036259925815e-01
2.153061740271302871e-01
1.822621307162180238e-01
3.940466201611166341e-01
1.223360613556998960e-01
-7.074407712224787259e-01
-2.744547316846142615e-01
9.851220725579649118e-01
-5.778980332785989271e-02
-2.139526011793843330e-01
-7.537242201978266998e-01
1.850338484176876630e-01
-4.618317280993955443e-01
-1.350488698572859247e-01
1.247254453028963234e-01
1.163066381252559206e-01
2.605769091750495536e-01
1.871263303991903271e-01
8.541320635090178248e-01
5.232868916822699390e-01
5.678910969261679459e-02
9.607547500473723190e-02
6.897974632735028866e-01
6.338027722407814368e-02
-7.399133944162010756e-01
4.403471310664305305e-01
-7.309572719478447667e-01
-8.530644991728499049e-02
2.768292343989514070e-01
7.442386300711877345e-01
9.063873464235011612e-01
5.929676351116638378e-01
8.802862269120242944e-01
-8.675023500083148958e-03
7.822092303817020920e-01
-4.999906248452180013e-01
9.889870547292753944e-01
1.207313597305717801e-01
-3.389354903747607839e-01
1.768419123153606443e-01
-5.530862614039335767e-01
2.256672744482673132e-01
-1.884181159821133877e-01
9.416856810272246081e-01
-2.641384748246436986e-01
-3.046938083536733788e-01
-2.371006474644461182e-01
-5.578642919289620306e-01
1.361229161189739800e-01
-2.504456274254957537e-01
-3.191876555272413762e-01
-5.843510559290298056e-01
1.811004307485364062e-01
-3.188843321564185235e-02
-5.743807688859942084e-01
-4.364730357716465337e-01
-3.095018026113650622e-01
4.619845079561581969e-01
4.142527273531976251e-01
1.092374000451388494e-01
-2.236593344009438766e-01
4.034238251129063646e-01
2.296634494127257065e-01
4.929684345700648396e-01
1.485858822783145128e-01
-1.298523697176525923e-03
8.449840527679329805e-01
-8.369902788980317920e-01
5.992263290837867018e-01
-7.420071270972455890e-01
-6.182512457843540865e-01
-1.530823411249784549e-01
3.348932588137404909e-01
-8.960730058771943993e-03
2.745157868447467564e-01
-6.156379048530192799e-01
7.227463169392666087e-01
7.838635267163023279e-01
-7.114444024891892759e-01
-9.975325775117449556e-01
-9.262529664465510293e-02
-2.069539008337496072e-02
-3.129575360286400709e-01
8.749091536093510646e-01
-6.513734860754449851e-01
3.253297416341486281e-01
-4.045027453517706095e-01
6.147384126641931568e-01
-5.470907738476284976e-01
6.306545824380953569e-01
9.998681186394836606e-01
-2.226657683033226587e-01
5.219571243107171687e-01
7.855747284195693236e-01
9.116139290892492086e-01
8.715151333481649942e-01
1.178518190345887034e-01
2.123923838158252864e-01
4.134183923490269419e-01
8.851849355395676744e-01
-4.168119467521276267e-01
-1.319047448432457692e-01
-3.926671355337980618e-01
3.555388164004938401e-02
-4.343457806717116454e-01
5.994262908460552541e-01
-7.266662674869833749e-01
6.351493001530668092e-01
-2.612602221610482028e-02
2.890202191150259559e-01
5.784330351208638588e-01
-7.419661764227538647e-01
9.607321842740136342e-01
-7.757560688305525920e-01
3.146865157380451805e-01
9.632270249104584181e-01
2.350744210159427250e-01
-3.602403717363403257e-01
8.480674721452491349e-01
-4.666375122838214290e-02
-2.288491573920055366e-01
-7.792781530548172908e-01
-6.974941657073312484e-01
5.866442720558041612e-01
-3.271723724210157114e-02
9.471498888489396917e-01
1.000000000000000000e+00
