1.802691534487163919e-02
-8.211796110947220395e-01
3.856053553478392959e-01
-7.040538286308311092e-03
9.998754885864639119e-01
6.760951060340129048e-01
4.137285267426728530e-01
-3.561843374467857926e-01
-9.871467356639739010e-02
1.181791679537439466e-01
-9.999294381956592703e-01
-7.974872163328240449e-01
-3.078727626358200298e-01
-4.089449839877189463e-01
-6.483757392361353400e-01
-2.854734270544631580e-01
-8.866439451624188450e-01
9.480775956733419330e-01
3.918192632908636952e-01
-1.741889154489016656e-01
-6.326199987813024839e-02
6.664033475595848577e-01
6.152078930903905757e-02
4.560919622848628174e-01
-4.213275633180379454e-01
-5.215534028086589169e-01
5.938561186362378841e-01
-2.658664070353417008e-01
3.390007401339422549e-02
-6.949219421636755323e-01
4.693495402566461028e-01
4.176720497040318225e-01
6.808789686407242803e-01
-1.064865887860356325e-01
-8.003236244685717482e-01
5.923111602756680333e-02
4.747260833948430125e-01
-5.046686839583527373e-01
-7.025009318407872128e-01
-8.074573931944009630e-02
4.285121406845201347e-02
6.050813110321282551e-01
6.201623004075133005e-01
-8.944217584918620068e-01
-1.613028761145373913e-01
5.792294439907197390e-01
7.641934822724938403e-01
3.485756935225632902e-01
7.978150118173914507e-01
5.544334384039867336e-01
-4.762243556484423990e-01
-6.026897485964517465e-01
2.854798178471118497e-01
3.420339791570529697e-01
2.195802199545283107e-01
1.816219369196735989e-01
-8.822954536856231211e-01
5.634026864934826156e-02
-9.583592505700225805e-01
8.243666447940879438e-01
2.083528225670243095e-01
7.065763683722594557e-01
7.054029447460348212e-01
2.409305680837280084e-01
-7.962157349845555565e-01
-8.591469635183474063e-01
-7.114352236538313834e-01
4.855800010627313590e-01
-2.094237320229527521e-01
-2.315716628170603475e-01
-8.109890677408595483e-01
8.837428006745529085e-01
7.543144347725643239e-01
2.934277924420165551e-01
4.002523033214340220e-01
8.162867854655539990e-01
-6.574713028525618341e-01
-1.361168724659393980e-01
-7.581955182005508664e-01
9.997397082685952618e-01
5.858108026113554301e-01
5.627475711157891095e-03
-5.243694544640717936e-01
4.956656795281563777e-01
-1.965454212213385843e-01
8.246264330546526633e-01
7.785306089296079035e-01
5.720207945337399402e-02
-7.514874054166614803e-01
8.697548955275217208e-01
-8.642309274972284072e-01
4.199841334441133944e-01
3.462264476258922891e-02
5.823553482936655312e-01
-4.597647228475598147e-01
-3.436397972903982856e-01
-1.161325814459581753e-03
6.956528114902139626e-01
8.669721679207340603e-01
4.903286466816461076e-01
9.212745997854073776e-01
-4.125117756160359139e-01
-8.130650930107412577e-01
5.875671359385861159e-01
-1.047606080234530085e-01
-3.383467066104791643e-01
1.940287642802064616e-01
6.818212407322994384e-01
8.142188009791974102e-01
-6.238600407468642556e-02
-1.963794865886167862e-01
-6.527502203914297141e-01
-7.169104259009202451e-01
2.329987939162950217e-01
-5.539659818200054486e-01
5.620952993450477608e-01
-1.278082888065318612e-01
7.653369044673100641e-01
6.715450500251546329e-01
-4.959590407248574140e-01
-7.237090432167286869e-01
5.306681026298571968e-01
-3.796641223777925678e-01
7.560589846612426612e-01
-9.545302577911438657e-01
3.117399629986622456e-01
-1.639870393707283935e-01
2.391227970808371128e-01
6.357999478853183506e-01
-4.381599189552455309e-01
4.202738788526071967e-01
5.274025903666661463e-01
6.231875330376767108e-01
-6.146926937597669838e-01
-6.720696826174465954e-01
4.023637234685168429e-01
1.707001624393943151e-01
-6.274877604280900689e-01
-6.045127347662975215e-01
-4.028743574045621778e-01
-1.658485172507585259e-01
-7.978145595858406880e-01
1.546095411004837217e-01
-6.295370908445950542e-02
8.768550120090474742e-01
-1.275590866582983207e-01
-3.734449534167903484e-01
9.042524950619631463e-01
-7.740471489632406721e-01
9.071980565385311113e-02
-5.999597463218188098e-01
2.277102272173441855e-01
9.787632055779554863e-02
-3.141768802485512824e-01
5.465176753017167988e-01
7.364200510914049591e-01
-1.842868563420544670e-01
6.246288020892115656e-01
-1.720868032106277201e-01
3.128597244083894946e-01
-2.273635478249783938e-03
4.648640721680279975e-01
4.288421329055999709e-01
-4.597982023706362331e-01
-9.817386645007368517e-02
7.892428704098275460e-01
6.546137390097801489e-01
2.583793304907284205e-01
9.247212039022608687e-01
-5.046891995782978313e-01
-5.954570255407288376e-02
-4.058357101024230862e-01
-4.871282934850782453e-01
9.819736167203456656e-01
-9.060354652782226514e-02
-6.390600257809599949e-01
-9.032288266535883070e-02
2.792995365227445848e-01
4.741631116013241276e-01
3.786357686663408550e-01
5.292614693916729562e-01
4.270215252593539956e-01
