1.284449628488819606e-01
-9.479676088537489220e-02
-7.859423344944225232e-01
7.540493886025556591e-01
-1.519940964976728426e-01
-5.150181714747712469e-01
6.318702774025876379e-02
2.927509848614306409e-01
-4.659233219429604334e-01
-5.724415098534157975e-01
6.050769311625006086e-01
1.582597958915328840e-01
-2.700025509471170038e-01
8.587169612537165486e-01
2.825093440598951955e-01
-1.715928546259886944e-01
-3.019749388137926149e-01
2.399918731733106936e-01
-6.995683005532946641e-01
-8.372989189734846016e-02
-9.285197010987729094e-01
-3.277322827311870967e-02
-9.992517836531249475e-01
-2.561057534134899560e-01
5.699949648527452561e-01
-2.492366265757867405e-01
3.144644497916671555e-01
-3.044545965713080782e-01
2.333610717912696364e-01
-1.082545348522361839e-01
4.382337710494581540e-01
9.976748446977924401e-01
-7.522038147009733056e-01
-1.350334216495943374e-01
-8.797735935658988760e-02
3.527486960525053616e-01
-7.105262016919311474e-01
-4.350570185623341968e-01
-7.386304704572405067e-01
1.026579101446860320e-01
1.055607398136109015e-01
-5.689387350632209017e-01
5.570735234942652409e-02
4.496590116243614488e-01
2.747672227787743005e-01
8.519039831747637903e-01
-6.864254637597544395e-01
-1.935079926294693692e-02
9.358424097287891819e-01
-2.380407832868904235e-03
9.994408162160346443e-01
1.723865770646640649e-01
-2.092627709805097991e-01
-9.449706536938835832e-02
-1.288350773070360833e-01
-1.920325574131372393e-01
-1.252547982836924034e-01
-2.833588611877651542e-01
-6.673169412915993526e-01
-8.680663425570451786e-01
5.186010591315516338e-01
-4.983478576226397228e-01
-4.054974236372181906e-01
-3.998967129316822744e-01
-5.000736890249369848e-01
4.187751367194570973e-01
-4.726058109436306193e-02
2.434425271033946458e-01
-3.712085898259379624e-01
-9.726050182648924292e-01
5.110630737818887548e-01
2.424316331817130687e-01
3.803262322092484937e-01
-5.997617077813880426e-01
-4.520210799841172244e-01
4.683263139012585063e-01
-3.054513528110661680e-01
-7.028183663065369624e-02
-7.556384146782380018e-01
9.849539386846882794e-01
4.124107570411106316e-01
3.771665005820017957e-01
-2.081743926478327733e-01
-6.538435287810722141e-01
-1.211023291288496617e-01
3.862737580959585970e-01
-7.493379850303392153e-01
4.128644144447280451e-01
5.950926214344249843e-01
-1.252236258259153689e-01
-3.617475268728188031e-01
-5.874104360155150140e-01
-4.077673415363072262e-01
4.581874079457395887e-01
3.737914222861694613e-01
-3.528977727243126639e-01
-5.594592276856787949e-01
-1.089549574677680793e-01
-1.281262246158576187e-02
-1.235054583188793242e-01
-4.816704431988248492e-01
1.683512826343701863e-01
-3.733894939079692166e-01
-6.847994154972560088e-02
-9.811515403725019624e-01
-9.730067521517548057e-01
-2.856921039834605103e-01
6.892636232150233244e-01
-2.567581669617001738e-01
-5.424116790703484847e-01
-2.746785592586067359e-01
5.149413605641717240e-01
9.129241165637852484e-02
-1.287203176512493608e-01
-8.528175415270790038e-01
9.951342049399646283e-01
-6.442243446563966636e-01
3.086906625482988553e-01
-6.413761030924143292e-01
-6.951615635447238629e-03
-2.057815921807897366e-02
2.059600108964591281e-01
6.822437212623530534e-02
7.915322991467885760e-01
-2.077924561776405277e-01
-6.512720251259990212e-01
-9.124324791931817114e-01
1.035438085462510177e-01
6.521180012254755853e-01
-5.206892772063330677e-01
-5.876766223047478199e-01
-2.727168749304147988e-01
4.622395392189889152e-01
-1.873831985948869183e-01
-7.964304175759251425e-01
-2.021483857733782918e-01
-6.524987618329055605e-01
1.318605996035630279e-01
-3.093635074224660442e-01
6.256006902370025990e-01
-1.159855104288626676e-01
-2.564383448143206512e-01
3.797182399160678457e-01
5.444969074441984302e-01
-5.894512647034693131e-01
1.273880579670998506e-02
-1.791852225677504351e-01
9.987835220946271741e-01
-2.097998779135875902e-01
8.070810817732697595e-01
-5.175864335749098544e-01
3.960931281057058495e-01
8.149711573034975620e-01
3.201743496887431845e-02
-9.726514431881478906e-01
-6.673036622967480902e-01
-3.277236195659540274e-01
-5.364908372712566820e-01
-2.215530910120363517e-01
-8.862920277806027869e-01
2.470810497415462104e-01
-9.512249353099191951e-02
4.686634424742243121e-01
-4.133337900148288946e-01
-4.117705187735976047e-01
4.312404722737210316e-01
8.473827469495534004e-01
-4.382511801453070066e-01
1.478424232186015819e-01
-6.898451395882800874e-01
2.368781507445959778e-01
-9.557160762626163431e-01
8.311159235680539714e-01
2.697409118378886195e-01
-3.628483294708994555e-01
-3.756546051425119215e-01
2.614542534043199362e-01
8.542070383598833194e-01
7.148967535324072253e-01
7.981700631585786354e-01
8.209332681985829216e-01
-2.884329518418518590e-01
7.384986709773077029e-01
6.815636736118710903e-01
4.675592849211178681e-01
-7.780093462440480778e-02
-3.232126206320716788e-01
-3.843807182866995076e-01
8.955854321451678368e-01
2.930473020060999079e-01
-3.186498487369886223e-02
-3.615287180673076167e-02
-2.843594983042504465e-01
2.900519907904896555e-01
-5.507863312104373243e-02
3.570508933750383140e-01
-6.570767806359654184e-01
8.495655125835397392e-01
3.843042937965009398e-01
5.526833342558417073e-01
-9.754738647907910121e-01
-1.615209554896838706e-01
7.404172432870534948e-01
1.061732273236876134e-01
-3.501476193693023320e-01
-3.922682570685044889e-01
6.434767394675420249e-01
-7.653857632679115230e-01
1.207274014488597669e-01
1.941640681410032598e-01
3.815546295774441266e-01
5.179956515252590044e-02
-5.881800919207952338e-01
3.244881679901677196e-01
-3.810194251014468736e-01
8.156359188864019394e-02
-7.481738780228859298e-01
4.925930012480478348e-01
8.373405964076553465e-01
-4.842849263007653615e-01
8.229744700406854685e-01
1.345188786423000549e-01
5.488005654459965355e-01
2.630796981086384045e-01
-4.676519317423238342e-01
9.880851532715497765e-01
6.102091273745130495e-01
4.934623354959821739e-01
4.091655946028822100e-01
3.507325835437836159e-01
6.901249187928168993e-01
-4.977514030278585300e-01
-7.562817818291726057e-01
6.147202461431189313e-01
6.528819609571329119e-01
-2.169727567318760486e-01
1.841773630925269689e-02
-8.270663273572494978e-01
5.025573874664565066e-01
-2.511552853148482090e-01
-5.262809008095497010e-01
6.328277973232608877e-01
6.158693802910049087e-01
6.428966735727233983e-01
6.887029222971646769e-01
-7.152899888353981828e-01
4.085296304922816368e-01
2.252283107645392246e-01
5.872465624147394925e-01
-5.174416244371750073e-01
6.541144070926236953e-01
1.822637104493445570e-01
-2.701930151411409131e-01
-9.945138630938619995e-03
4.347418888821539262e-01
-3.715087210789807526e-01
-7.856169583514417409e-01
-1.206022489503684285e-02
9.109539028177677800e-01
8.895578479055942234e-01
7.913338173504400608e-01
-8.338797282484941009e-01
3.757272878231924379e-02
9.650756541796035037e-01
4.313499538285345825e-01
6.798745484772157621e-02
4.981162418456346885e-01
-8.554382143283028039e-01
9.848208837144210026e-01
-4.579470874615387266e-01
-6.582609078743805187e-01
9.928474606699448923e-01
-6.420233978803335795e-01
4.374227882516615873e-01
-6.707543696447278991e-01
6.160740600871121853e-01
4.598303868223839186e-01
-1.818038336454615433e-01
-6.640843954087163326e-01
8.368020990256433977e-01
7.927169623821885835e-01
-1.132440130519938581e-01
6.560873263955546708e-01
7.903518370100731660e-01
-6.896636562627476152e-01
4.741135534461985435e-01
-7.462295799353834136e-01
1.908460705674830948e-01
-9.698599969953247690e-01
7.132545415196771543e-01
6.344543802272832878e-01
2.091027588371427437e-02
-7.055245658313890056e-01
-9.979336300262413306e-02
9.994208286157835186e-01
7.622592641572348837e-01
-7.477671395672554899e-01
6.997773938787069659e-01
-5.418998758062538723e-01
5.203515971700450882e-01
-5.969512940493729714e-01
-9.890456162779204252e-02
-2.147939882710327153e-01
6.592228228272570822e-01
-2.190270906080195590e-01
2.707375695599429366e-01
3.626660529275187866e-02
-7.439446614584899198e-01
-4.683198431890498448e-01
-3.036227427786700739e-01
8.953937515825924898e-01
9.997476197050761959e-01
-2.043250652298589931e-01
6.003383271867660520e-01
3.375752590667735475e-02
-6.268534468223504463e-01
-1.107086360306699518e-01
-3.048805910970786917e-02
-3.303379858924694323e-01
9.415430756133832402e-01
9.096342837175697138e-02
1.943479203269968814e-01
-4.150181554713772702e-01
-4.890025729355134687e-01
1.529253637392071208e-01
2.560272586545553342e-02
2.783513436546957709e-01
9.990368842356909251e-01
-5.140684973311255429e-02
-7.618957932882454154e-01
2.779282786053963172e-01
6.475606112005664050e-01
-3.993146710225301543e-01
-7.145198830011126878e-01
-1.490045741304419635e-01
5.037122030622210866e-01
7.568554128839545259e-01
7.323148722174046554e-01
-8.538725899505418271e-01
-3.085433403647055428e-01
4.042095586179121902e-01
-7.218176125733708481e-01
9.508943786461433456e-01
2.237982356087047653e-01
5.694549876525737409e-01
-4.196469154402060128e-03
-4.041803373093672686e-02
5.137212604455162479e-01
6.752812377419045720e-02
6.250573827199695787e-01
1.042580666568411196e-01
7.637929694480192211e-01
2.253031223613529421e-01
2.417730954280277456e-01
-6.959450925852923575e-01
3.298559440182864677e-02
-3.244391298704967230e-01
-2.520655265636592007e-02
5.265270389402352258e-01
-4.395413950532962161e-02
5.125439105492074487e-01
-3.969213236793494581e-01
2.443823815014875556e-01
8.839800390300583954e-01
7.658004317265812988e-01
-4.106401244619004021e-01
9.675583854546917495e-01
7.196854914466045416e-01
1.772106643404460780e-01
-4.804230377919592176e-01
5.614383100596388454e-01
3.969205184404727138e-01
9.586780232323511841e-01
-9.108038094251104111e-01
1.798536438285787409e-02
3.995563685657341213e-02
-5.413005007800381074e-01
-7.461175789875810205e-01
-7.397442316750261204e-01
-3.233569563632107506e-03
3.770249384836882878e-01
2.840708274811360456e-01
6.574596675041833871e-01
-8.803839351576577821e-01
6.940840878120745350e-01
2.317055841271089545e-01
7.816884305320936921e-01
-3.031216363428290705e-02
6.964319044502327305e-01
1.069520066985662765e-01
-7.700871389707688586e-01
-5.451815168974682990e-01
5.848421652260751280e-01
-4.782386617626371850e-01
2.531523872022254373e-01
6.243021918147734217e-01
-3.454689981781932095e-01
-3.499479526303237442e-01
-7.036351773826493572e-02
9.255934221462036593e-01
6.474035771119728278e-01
-3.690703669848666157e-01
7.318832147261858934e-01
3.917261318398820302e-01
-1.668374274626906462e-01
2.189153781568545509e-01
-1.568140011010890969e-02
6.434836490302818790e-01
-7.162513019140690496e-01
3.946145255997510759e-01
8.267643293716511188e-01
-9.580985286192810202e-01
-5.719042938382067343e-01
5.148722309169905254e-01
3.625153990783812064e-01
-5.727771251127239394e-01
-5.194407785689497681e-01
8.894065051046446957e-01
-5.088064793094506655e-01
5.499285626663164006e-02
6.813378908073015883e-02
8.082793705360267200e-01
6.396666476241437416e-02
-4.741692650712081569e-01
-3.329765496369639921e-01
-8.384226074987431998e-01
-3.667935473786654299e-01
-8.298736187277526710e-01
-7.452403066678943144e-01
-7.734258354767237220e-03
-5.404305094075356752e-01
7.070078515518586348e-01
-3.824366144189972894e-01
9.999949952381433915e-01
3.586896625992804233e-01
3.094562680672053312e-01
-9.267976764274369339e-01
1.182711933923478870e-01
1.547023203653986601e-01
5.307037992175276386e-01
-3.442895110098731504e-01
2.114797255646055640e-01
-4.399988441080584511e-01
4.921904712626562484e-01
4.828118620357345625e-01
3.363583560504492930e-03
5.521217561926307082e-01
-7.467609686391207813e-02
-4.279238808104639524e-01
4.036384649462406576e-02
9.588160605889316235e-02
-8.012629802369162224e-01
-3.995164443833049833e-02
-5.619518844111610623e-01
9.982095805588495629e-01
4.847898544269836907e-01
-5.352932904556919613e-01
9.252766532376071051e-01
2.902299537666032658e-01
-9.335250768882845662e-01
1.416168755374597188e-01
-3.688719106187746122e-01
7.563619458930843642e-01
-1.919729202790798617e-01
1.768510999669609951e-01
3.063245942067619465e-01
6.310139365916075382e-01
5.289255291597819708e-01
-3.532861297142315948e-02
9.595355253798160122e-02
2.030734552877689891e-01
6.362001515987039113e-01
9.483616314143774595e-01
8.152934217481202506e-01
-7.512766780767952124e-01
-4.865013125296913654e-01
9.050989182430243529e-01
6.405413713333597547e-01
3.295626413270264510e-01
4.227450445797045764e-01
-4.681607261754132110e-01
4.867976837359798137e-01
5.474654321133097801e-01
8.458345831096806267e-01
-3.339502257278187392e-01
-8.549971775947842190e-01
-6.340493872573534917e-01
1.040111906822552834e-01
-9.379880412677282786e-01
-4.447307790191274979e-01
-5.329290024439026219e-01
9.174514423890804959e-01
1.656376190257873304e-01
-9.972227211883675224e-01
-3.207826486740822935e-01
3.772945356992823962e-01
6.435253583234674252e-03
5.269225164574354858e-01
-2.270469231398854204e-02
-6.603367341625099307e-01
1.461417448846945299e-02
6.067370295829022098e-01
2.760449823798713509e-01
6.405074653419676745e-01
-6.314122701376737590e-01
-3.832666801649562971e-01
8.088301645134235995e-01
5.389823069344336082e-01
3.711306532564044303e-01
-7.964606834750901365e-01
-3.069522503811555197e-02
-9.726410413483066453e-01
-1.755883852083565677e-01
7.673864151435150216e-01
-7.543473186861916480e-01
3.636227038753458429e-01
-7.490215509444152486e-01
1.344410693099265877e-02
2.199801451674303354e-01
-3.827032966757531324e-02
2.825220906273027133e-01
4.014313719442318962e-01
4.105040247772852591e-01
6.605393718865563146e-01
4.241054773122530652e-01
-2.192423034566355899e-01
1.692865953061472861e-01
7.592473484203313694e-01
2.953111561557207887e-01
-6.947945804126147706e-01
4.371122164246172281e-01
1.568373900620845529e-01
2.939703885646748893e-01
1.369089092001170294e-01
-2.640103826180466018e-01
-5.949052135626707871e-01
-2.059508182739601956e-01
-6.264988678163306846e-01
-8.420632718937565153e-01
1.751336009101280566e-01
4.552323920611416053e-02
3.889020681055879725e-01
4.488929697118445444e-03
-7.625425190544313780e-01
2.888987611322137439e-01
-1.719322740162727292e-01
-8.475914274538820514e-02
2.610366052975222062e-01
5.133382796950231725e-02
-8.466181320109810171e-01
-3.929251094298239488e-01
-2.615736165433696359e-01
-7.639350045280927093e-01
-8.282986023057289371e-01
-6.111429297469753719e-01
2.888649244330998012e-01
3.062512465662516337e-01
8.569997208794163379e-01
1.648520010939854008e-01
5.921244341772786690e-01
6.634174375934834833e-01
4.806509551266756330e-02
-4.711286793368765213e-01
-3.068862389955931969e-01
-3.245889603671993640e-01
1.146281144824449864e-02
-9.947799477057890360e-01
2.054648577587783742e-01
6.216796201716198178e-01
3.611395353807437258e-01
5.462380720462758354e-01
-1.049960347480036332e-01
4.146531582996040299e-01
8.792202536749263997e-01
9.504729044133376492e-01
-7.653087178763379184e-01
6.069564578546455813e-01
1.145759027469138575e-01
-5.343700040971597343e-01
-1.334691917092765134e-01
2.216739264319949887e-01
