4.676126511156599164e-01
-3.955754155593990684e-01
9.231216947906245585e-01
-3.384215501181041530e-01
-8.963970192856041130e-01
8.426440726245379986e-01
-4.654976742183609684e-01
-3.142137792079372632e-02
1.523267887947886146e-01
-7.031855843781421589e-01
-9.836735062284677200e-01
-7.508858177633610520e-01
-1.903897226613250615e-01
-2.502417174244662701e-01
-7.561024224799434146e-01
8.250890618458773806e-01
4.720957929662037977e-01
5.422316971836713684e-01
6.359751644501900891e-01
-2.246275245447637847e-01
3.547510987635092983e-01
2.907740965059483762e-01
8.367497108789746507e-01
-4.606826048303503396e-01
8.889143249653413958e-01
-9.795218176610273608e-02
6.236350146139474360e-01
2.666611471334077721e-01
-7.947523186737460721e-01
-2.682067133319302604e-02
6.606547263508707468e-01
-7.342770637685661628e-01
-7.528354726161320398e-01
-2.235173064819646546e-02
2.123884319027599110e-01
6.061156556570547194e-01
1.826755957039424005e-01
7.024999031319592024e-01
3.835987667290656766e-01
8.627149451544746661e-01
9.656017331977667650e-02
4.341149913400436100e-01
4.657252548003016357e-01
5.749127098366674238e-01
9.957571441577879323e-01
-7.232757895033318229e-01
-4.469322422390786809e-01
9.446928781782139017e-01
-7.567348753058927846e-01
6.837577943368783329e-01
-6.134804966931770576e-01
6.682823621996729635e-01
4.836829898937639038e-01
-8.252264770833053209e-01
7.858679835161664906e-01
9.963338482144397726e-03
-4.109555883102863350e-01
2.867451028055180706e-01
1.267303877081244444e-02
3.451121136361836039e-01
-5.352558562164100309e-01
-9.316170843569734350e-01
-6.813436371018963822e-01
-2.668130055621598107e-01
-5.513630175446184722e-01
-9.023996412037055270e-01
1.171244117279397201e-01
5.953679086262468889e-01
6.452489319517029642e-01
6.214026722886428766e-01
1.041032193470342732e-01
-4.748925507728801176e-01
6.748495827230940880e-02
3.311515771779841577e-01
9.190168891712137134e-01
-8.671915939372908388e-01
7.866932424899154563e-01
5.365123239642501929e-01
-8.453159515732755480e-01
-1.599105004398167218e-01
7.024002331987980741e-01
-4.092781858177851895e-01
-5.285003689693412721e-01
-2.992988644592461250e-02
-6.561819553485094547e-03
-9.998536989557944565e-01
2.225313063358326238e-01
-2.684192239668477531e-01
6.234586393816812094e-02
-9.736965539979356432e-01
1.930599251043366438e-01
7.224125107942073187e-01
-7.155808138292918397e-01
1.959084035263274071e-02
-9.416045342901665505e-01
-8.358683996492075607e-01
7.590453450860465967e-01
-4.125189779084125763e-01
-3.957364397637792020e-01
-2.669838442037725801e-01
-7.556551441469186448e-02
-4.260149415575729681e-01
-3.149721366614783857e-01
9.326316510375609603e-01
-5.243738972754580230e-01
1.806967868630516005e-01
-1.737976323682583479e-01
9.419554647578792794e-01
7.991187549277928293e-01
-5.854923471797627288e-01
4.046577593931826033e-01
4.729325268993778142e-01
-8.875046688157475216e-01
5.032270731879897596e-01
-6.274391543149382411e-01
6.844592313184842958e-01
4.219616154023580479e-01
3.986502354143924842e-01
-5.621893914702425638e-02
6.965766998353339901e-01
5.595184501694658863e-01
7.623397406287142353e-01
5.530792291922836945e-01
6.662164329445863231e-01
-3.833666666919208765e-01
-4.677688152944332045e-01
-2.581243477967977082e-02
4.563181659640548893e-01
8.476773250572361418e-01
-6.919121629882108576e-04
7.199477123108828369e-01
-4.762913993799373635e-01
7.321236504908470444e-01
-2.853547989411561736e-01
-1.796324594243366851e-02
-9.706675399563279294e-01
6.442768640385212464e-01
6.999012129967145945e-01
3.673146353832774658e-01
-3.943316576049325506e-01
-2.252453119126392525e-02
-3.752684447949593549e-01
9.087470222755003046e-01
6.806921965899569438e-01
4.026596522083406016e-02
-3.068894788610277979e-01
3.067608145576680712e-02
9.688612742861326677e-01
-4.300557543164637564e-01
5.249597323713704744e-02
1.352546045821662046e-01
-5.699669260823122530e-01
-7.303767086778614748e-02
-1.055879387512554946e-01
5.088332138075419842e-01
4.636062046527680280e-01
5.668438811628482288e-01
9.787291529471537910e-01
3.625511447040265511e-01
-5.235821288231816695e-01
-3.363791871835228875e-01
2.534946746545203577e-01
4.201079971405554114e-01
-4.060656163308073996e-01
-4.658984870343054752e-01
9.968799625662903841e-02
4.824464426208978085e-01
8.318293040777382519e-01
-6.692916786976844667e-01
5.642520964717488985e-01
4.734275052421616503e-01
-2.493999776739216356e-01
-5.114074318182988410e-01
-2.877502912067377849e-01
2.669751847571870118e-01
-9.868853590379147445e-01
-2.581812075108095850e-01
-1.574072574151143544e-01
-2.429302507158209445e-01
-4.168148495231484563e-01
3.118437925089793117e-01
-7.267583127446491931e-01
4.352771670272242432e-01
-9.251646739742869219e-01
-7.251653978628942905e-03
3.098873837224349614e-01
6.862518388029079652e-01
7.733555393194192495e-01
-8.857641212401919928e-01
1.961900523009836583e-01
4.435507053520190146e-01
9.056744293692244874e-01
6.134158861453051781e-01
-3.182730251711506919e-01
-2.864244563160172063e-01
6.453641319572738233e-01
-6.388326272800528560e-01
-4.797157860047917000e-01
-2.503811283002956856e-01
2.255044899791616708e-01
-8.101208294669154375e-01
8.335986522417171418e-01
7.641296023504737800e-01
-2.680219058580746716e-01
7.088960355640412381e-01
-3.052256124389682301e-01
6.290317385012248463e-01
-7.505586704488870220e-01
8.729879024193398784e-01
-5.893977681126978500e-03
-2.656942033432460049e-01
-9.864674854207159393e-01
-2.285232137169931899e-01
6.437470096916033668e-01
5.868127639890352576e-01
-9.764957506870586279e-01
-5.433340787296723207e-01
2.095291747245702219e-01
2.826545189879230979e-01
-1.706804827946476477e-01
-5.772911200329103876e-01
4.398951752067247201e-01
1.989680561770825473e-01
-6.984179779456272108e-01
5.027145046796185346e-01
-9.191556694274898298e-01
-9.077982858991200388e-01
-1.945757045753893633e-01
-3.415053100207757208e-01
6.660005407463002181e-01
-4.466193977399465220e-01
-5.849622725664531675e-01
1.139409736759139646e-01
1.166845087325378907e-02
5.864254769677397228e-01
5.955109909186176997e-01
-1.169133333432013644e-01
1.561773265357753737e-01
-8.442888827100089033e-01
5.735155216792918731e-01
-1.067622493814919804e-01
2.765759879819141287e-01
5.721379675754699745e-01
1.687049532012378783e-01
1.577390944373208426e-01
-9.082392834033951035e-01
7.212957551890197827e-01
-6.330111703632793629e-01
-1.471832492752054300e-01
1.745404062998884565e-01
-3.837549349555070544e-01
-8.996914747547971603e-01
-7.780156315026854896e-01
1.548527215404770785e-01
-4.386609751803051127e-01
4.360638933288231434e-02
9.652119363544694464e-01
5.489557628503809461e-01
-5.788506379707369920e-01
-6.542190312729703194e-01
8.010463767477645769e-01
1.841271870829576107e-01
5.482043213139449200e-01
1.347568268062360533e-02
2.252893963986674908e-01
-1.869696461358248407e-01
2.279220277986672982e-01
-4.506719509446304173e-01
8.795350562075361645e-02
-6.279187989212565470e-03
7.301087559758304701e-01
-6.728068154499913245e-01
3.358757154269215173e-01
-3.289347628587348527e-01
-9.289723434812171554e-01
5.294185388307953710e-01
-6.448122930932265184e-01
-5.964714825974498646e-01
8.534975194333286330e-01
-6.745548107275575189e-01
2.474177277723132173e-01
-6.746426111100107814e-01
2.175474812934688196e-01
-7.963427008484355585e-02
9.302247129100829071e-01
6.286763137083860586e-01
4.132350350943094219e-01
6.686921233410394461e-01
1.808330534237130305e-01
-4.730791298979320492e-01
-4.551179871897929052e-01
1.831585188883225468e-01
-8.903129272942040817e-01
-8.979897171899043906e-01
-8.628060516489985954e-01
3.158280091160151626e-01
-7.961040148670568417e-01
8.830071003902225657e-01
-4.769663250921171160e-01
8.305539710563895062e-01
-1.477119796367049910e-02
2.159673044762998317e-02
-1.627793847312022923e-01
1.232332753290651395e-01
8.787905306369078184e-01
-5.147584661797906941e-02
5.553224347940185490e-01
2.384003948611455870e-01
-5.973087133590351261e-01
3.828679923364947113e-01
1.876559931035529094e-01
-6.660985554789147223e-01
6.093684867006535777e-01
1.522064501148902016e-01
-3.484262004814986935e-01
-1.926320149180363872e-01
7.615573103076005435e-01
-4.312028975178932577e-01
-9.012241644956772157e-01
-9.728710585548404621e-01
6.187749269138809183e-01
-1.909155499764414177e-01
4.425709743354853676e-01
-8.776084250366187334e-01
-8.624649386709098975e-01
-6.238561850535059294e-01
7.071319583426912692e-01
-7.148756182681871296e-01
7.054045157492820628e-02
-8.107204275348929290e-01
7.482033499627739337e-01
-7.089210186687358028e-01
8.252778739338331171e-01
1.006089501136077716e-02
-2.721560090702390688e-01
-7.864261697294576692e-01
-1.954221665004730324e-01
4.853392608825426308e-02
3.581239974808851922e-01
4.396666434140814039e-01
6.149519139195540607e-01
-8.588483225143082045e-01
9.381715315890837292e-01
-9.166761276849595685e-02
-1.337937218700843423e-01
9.659396646113347362e-01
-9.003621215927239962e-01
-6.571786163093301658e-01
-9.408837793894949675e-01
-9.826766831831484916e-01
-1.909774203120580549e-01
-1.241821006281977197e-01
-5.185531910120948496e-01
-4.987967297533941330e-02
6.127006226153679513e-01
-6.977750976458976240e-01
-7.142759080291289919e-01
8.352808426320963431e-01
9.401145881197250365e-01
-5.729241270813566489e-01
-9.374057063287771774e-01
8.036751084014542856e-01
1.068911683585323791e-01
1.777965424150743379e-01
-5.733164079731356555e-01
-8.094041465935536417e-01
-5.765533024564094555e-01
-4.423924014668719762e-01
9.077685212694885930e-01
-7.544382633276988104e-01
-8.927291926931927302e-01
3.595019398695479818e-01
-5.242771249948304790e-01
-8.997186097718677666e-02
2.472581734599487435e-01
-6.890094698607218682e-01
-9.016681045336273348e-01
-2.401751883168952093e-02
-1.472917198700223265e-02
9.352976171059063093e-01
-5.733840352756491843e-01
6.123156252795937116e-01
2.512327737864585298e-01
4.349616080271351271e-01
5.527251627996428995e-01
1.993254520600269697e-01
7.659031538090797786e-02
-3.144158970621286908e-01
1.989732419015793619e-01
4.548124490015594823e-01
7.222827482059677173e-01
-8.958265469310210394e-01
-7.199892900326481104e-01
2.905661936661257938e-01
2.749626871898186442e-01
2.841734384600174690e-01
-6.117274573096385115e-01
2.054011740292673305e-01
6.551412887274646879e-01
6.129886807465425580e-01
-1.036079452943881041e-01
7.047836733002257881e-02
4.923724001875380285e-01
-8.184915610112550866e-01
-7.616537780335935759e-01
-5.862033272612950929e-01
-9.869808931986846501e-01
-9.360315892970777485e-01
-9.604191908737143013e-01
-5.261018439910828404e-01
9.960091884933089945e-01
-7.829481549971053500e-01
7.311433757766262476e-01
4.138049823209953293e-01
-1.075904077754488014e-01
9.190036145809198087e-02
2.646672474534917385e-01
-5.861619761753424918e-01
-8.958591038058379974e-01
1.765544160940996088e-01
-1.270920126943726747e-01
6.604147701988151153e-01
2.141036528217276635e-01
5.104575054378775872e-02
8.873884644077072448e-01
9.941679760762337503e-01
-6.823514478233960734e-01
-3.159570496547365881e-01
-4.631519732683731516e-01
3.208750020302187367e-01
6.119460000561438573e-01
-9.334959672708675882e-01
2.392561041906833275e-01
7.721244075094284565e-01
3.285138933840272418e-02
8.196352322676082602e-01
-7.787547833170219147e-02
-4.998084064487720579e-01
1.384323449873603451e-01
-5.034768689107025352e-01
-8.429308349442744541e-01
-8.068820962168001820e-01
-1.781396923060884485e-01
6.240169953209752096e-01
7.318782772218095367e-01
8.497510916773367562e-01
-7.315441422985048403e-01
7.450293248632267051e-02
-2.355606497284485901e-01
-5.981666662501439191e-01
-4.854889518132625703e-01
2.095544513478005133e-02
-2.572594486148591653e-01
-4.871428565828408441e-01
-9.998923997407868081e-01
2.630867933447780804e-01
-7.528574235041626261e-01
-3.260002301812037206e-01
-6.651385666293950505e-02
-1.118467888471926380e-01
8.661643950554399618e-01
3.285420986653907888e-02
-4.647840480073733294e-01
7.882909033320676384e-01
9.070687216042874201e-01
5.946847916844810733e-01
3.053000622267678654e-01
2.978609440172689249e-01
-6.266905800796703785e-01
6.841225562948471950e-02
7.359963914651682648e-01
1.806044479679279890e-01
-8.712666644080806488e-01
4.333975742760162730e-01
-8.939089631250635160e-01
-9.157676058078670911e-01
1.381087150932876206e-01
-2.794100566684523113e-01
-1.747841956350654202e-01
4.758439558740490405e-01
2.006768100868812632e-01
7.141703982827447561e-01
4.090160956106030921e-01
-1.499911893345859115e-01
-8.921907750014540506e-01
-8.474976769837947455e-01
2.709848196440192356e-02
7.062047224418576130e-01
-3.379788737595045278e-01
8.022899822783854384e-01
6.314162510126934968e-01
4.646555642068858627e-01
3.986980156974455625e-01
8.964492546282210039e-01
-1.253989308177286821e-01
9.588814208052374166e-01
-5.528188407932592696e-01
-5.789573185488782192e-01
5.478486700893756695e-02
6.023597818354296113e-02
4.677812772502228933e-01
2.683638281172359696e-01
-9.835518204207871484e-01
-4.293558265245182581e-01
2.154561010450050385e-01
3.648140798273817320e-01
4.961548923504573994e-01
-6.346564572572160889e-01
-2.815561297616062664e-01
4.661857778131527352e-01
7.448952054150550506e-01
-8.834016775135574706e-01
7.325556293124613205e-01
9.622702263191633687e-01
-8.503903193014443751e-01
7.043679046792501453e-01
-6.275807287647372501e-01
6.505178496657433307e-01
8.956261205608487819e-01
-8.079790907389413634e-01
4.322731156948865783e-01
9.878041064189265752e-01
4.603445667202978875e-01
-6.591480297600289529e-01
-4.281279835301962100e-01
-3.666542381475766388e-01
-1.315509285742472861e-02
4.161586211499500032e-01
-8.629443547195941866e-02
4.373480025026284523e-01
-8.145096138092466909e-01
-4.407296361019391595e-01
-9.683345767788436032e-01
8.412820283926117915e-01
4.485225155529564134e-01
3.367942304288647493e-01
-7.932384320487469997e-01
-8.559148687811329870e-01
3.500319258914875165e-01
-9.035116832449011648e-01
-6.566616137225798067e-01
-1.305113294488180753e-01
-2.206820816471506408e-01
6.769206793960320656e-01
-2.834995101955382624e-01
2.758421550005935585e-01
1.834231560590427190e-01
1.884134684312208097e-01
-7.958298359474011985e-01
2.747011561307441951e-01
-4.957608876265874320e-01
4.542656089333498848e-01
5.263281518144745652e-01
-3.094917588701910915e-01
1.910697426112405173e-01
3.655283947772773878e-01
-5.272269370088279450e-01
4.135364172366944868e-01
-7.844747065545156772e-01
-2.698781095426512899e-01
-6.906523615935304949e-01
3.356186574231771053e-02
2.510913324080269945e-02
3.036199948082804467e-01
9.717880440340560533e-01
2.003826868953273721e-01
5.421190521528129747e-01
-2.912629963549726586e-01
8.850631674525069048e-01
-9.461505563168538524e-01
-2.996266715432393535e-01
9.111268755705139721e-01
-1.823990039934867136e-01
-7.566799262315317964e-01
8.560700019560903984e-01
2.825095135435570781e-01
4.158238592458188831e-01
9.616919024042350217e-02
9.120521724901723415e-01
-4.445279052422089205e-01
1.341084959443836488e-01
