5.801796670921273158e-01
-6.632924878839985272e-01
-3.432936510234536609e-01
-7.775507467399604966e-01
9.998578545304364074e-01
2.442563967363880206e-01
9.022485686085149892e-01
-3.678143471066468995e-01
2.850448015703124227e-01
1.324495338358713803e-01
3.945953436085032108e-03
-1.340606958115033720e-01
7.318000527201522498e-01
-4.696392299538910686e-01
-9.701878595731394661e-01
1.771821042178699512e-01
9.054822581192074615e-01
-8.331758686458633489e-01
1.099466213153663802e-01
-6.315611546489361405e-01
-6.820051836451960225e-01
-9.996783117325201973e-01
8.471621406150885436e-01
5.443709448072269197e-01
-6.892945558990744015e-01
1.923475819326213032e-01
-2.671092040036525672e-01
-1.729122331139207880e-01
-8.757047101942716516e-01
8.101792704953888480e-01
-9.118494695274587114e-01
-3.498742079566873886e-01
-7.710013119416617711e-01
4.516266546394152037e-01
-2.339226218208109165e-01
2.676365836574685630e-01
-5.735139764485402969e-01
-7.950145322173383100e-01
-1.959096715516860654e-01
-5.566586924847051199e-01
-5.424703926197044224e-01
4.841031718333251299e-01
9.422995361206132348e-02
3.207844884783067063e-01
8.650707916909126105e-01
3.559184190984616136e-01
1.654979290071579290e-01
9.334074681018542652e-01
-1.697267938629149209e-01
-4.709774797279552283e-01
6.689211236220943269e-01
4.265693761284526930e-01
-1.802245455095507209e-01
-6.228859054749055213e-01
6.561032682375887992e-01
7.902606113526396969e-01
-1.234577183218426161e-01
-6.052601319281215586e-01
5.035445886275968785e-01
-5.672568731362674921e-01
-7.979235595250008251e-01
3.160443342589434046e-01
6.191608192037744152e-01
-4.320480998928427074e-01
6.703646529194982051e-01
-3.807235454388657736e-01
-3.044480307009296838e-01
1.994377290293546379e-01
4.940524653260968124e-01
2.987014636274663015e-01
-4.321967975272417162e-01
7.019396354134614657e-02
6.595052620920058839e-01
-1.458904900987202935e-01
4.486350120916796080e-02
4.668423620738549884e-01
-6.799071119762554183e-01
6.724466157467803851e-02
-9.830822823953431211e-01
4.959365449804910564e-01
6.065231124594718665e-02
-7.357725211866261716e-01
-3.880345662610669710e-01
-1.190131673264940432e-01
-2.496069240658387867e-01
-6.893131259533914479e-01
-9.721947997504993833e-01
2.145643097504945640e-01
-6.790116159497098236e-01
-2.592650837692546117e-01
-6.029594526709330764e-03
7.568791214644270404e-01
1.378012104617258038e-01
-1.850542495460209547e-01
6.355270323028572310e-01
8.461676785422644897e-01
-2.821402439747655588e-01
9.121322400776801786e-02
-5.156102756293059475e-01
5.837086544144114431e-01
8.925651972389856414e-01
6.612968879803499123e-01
-7.089443036245995922e-01
4.857296269252854848e-01
-4.026806430930129355e-01
2.072001266400356756e-01
6.248158995855912501e-02
-1.389957105467998499e-01
-4.096046974063334220e-03
-2.660088091896104512e-01
4.922517067924139234e-01
1.661879856399141597e-01
-2.870794438153757566e-01
9.076980269417435077e-01
5.851889049564983347e-01
-7.661027516228566814e-01
1.000000000000000000e+00
8.027319859515851252e-01
-7.817129928960008245e-01
-7.423855503210877727e-01
6.066895401994290005e-01
-7.352621643194574563e-01
2.168759441569936275e-01
-6.396775022674261457e-01
-3.240414493002586327e-01
-1.645796109855120377e-03
-7.933785883437145525e-01
-1.638754491908773758e-01
-3.910268558215246881e-01
-1.236369729501329701e-01
-8.061779671199423847e-01
2.788862402089123393e-01
3.143391711147122680e-01
-7.244969973653825335e-01
2.220295704698820038e-01
-8.433639141454531973e-01
4.630032977015888229e-01
-2.652004650876259584e-01
5.548599745795984584e-02
-4.885936766699177647e-01
4.148139856536619541e-01
6.743239609387446931e-01
-5.654885637373076035e-01
-7.168556304187811978e-01
1.875771823321391030e-01
-6.945310155572269606e-01
8.083283885062189089e-01
-7.378962739857893860e-01
3.202210708259856653e-01
-5.925974966829733459e-01
5.532483363249390829e-01
2.638993330484783462e-01
-7.322886501000521742e-01
3.021249214592526822e-01
-6.378288388539413711e-01
2.092379934917567852e-01
-6.718736753365158743e-01
3.193920094933894172e-01
-5.914860402617655444e-01
1.087235146897509025e-02
-9.609550078823844155e-01
-2.215776510804204000e-02
-2.956151208707650802e-01
-5.343423238434934497e-01
9.212976317463281717e-01
9.018476750051481750e-01
8.806192154735041910e-01
5.103281167061767265e-01
6.590249838664919979e-01
-2.947928658264270529e-01
4.644266948689972918e-01
9.286133494902395480e-01
-7.493776560372494844e-01
9.096622517285739562e-01
-8.503627645577538363e-01
5.244088718678401734e-02
-3.914276039165122123e-01
5.399288550609209203e-01
6.626667960436101179e-01
-1.178748354380688840e-01
-8.971422288359344188e-01
8.092699098285078829e-01
-9.016090172717746709e-01
5.203192714894007143e-01
-7.804167828759851488e-01
6.663443093220461355e-01
-9.717986902852452369e-01
-7.466806571057312825e-01
7.356079869991118958e-01
-2.852955054022225934e-01
3.661080998776578554e-01
7.870536340925057273e-01
-5.004954019640079910e-01
2.695848550546920963e-01
-8.303711315358226486e-01
7.507609487787432201e-01
-2.838011085367430630e-01
-5.854431515839632061e-01
6.325427795827152089e-01
-5.413140341593670746e-01
-8.906394032857186671e-01
6.705351949275379919e-01
5.955595672254653250e-01
-9.533900806565873687e-01
1.698525185247375946e-01
2.325803530745992886e-01
4.637540064042475207e-01
-6.539932414120825932e-01
8.275499114829881764e-02
-7.781715290021210540e-01
-9.014101226928172839e-01
3.392982239259510480e-01
7.357086295584459590e-01
3.577321227401031312e-01
-2.446429019044258357e-01
-6.968357435643369735e-01
7.816557242172769149e-01
-8.834317037506452322e-03
8.621314475859833681e-01
-6.863173149983498034e-01
9.461066055861107049e-01
9.844711113277853087e-01
-8.442836361090164665e-01
8.561561286073200439e-01
2.121548557929399739e-02
4.973312913699693971e-01
6.594208442704665440e-01
-8.371843256512251363e-01
-5.246529575521027833e-02
5.151438381103093933e-01
5.792399468689409803e-01
5.242524382147035755e-01
-9.975559800507463049e-01
1.999238462491479407e-01
6.098692645803535095e-01
5.077224123355768004e-01
8.518114860871102145e-01
5.696125050740485918e-01
-9.991020412060341860e-01
7.107051907190701234e-01
-8.631341545769375401e-01
-7.632448182398524628e-01
-8.966252871626563259e-01
8.122660255996472234e-01
4.856169146882257648e-01
-9.546514066560772838e-01
-4.998330759728026318e-01
-9.612416716691245533e-01
-1.901007209600567016e-01
-8.858363145682849327e-01
-3.734810394886229901e-01
-5.919903853181355258e-01
-3.746456071410931288e-01
7.454881679464546718e-01
5.719519944348951945e-01
2.722218661214629298e-01
6.972198800250922757e-01
9.134768812292192175e-01
2.441191703495949883e-01
7.443633369311355441e-01
-4.086099308999477930e-01
-9.740676882617116394e-01
-3.255579446058649157e-02
-1.225310781759257894e-01
-5.567447137779561739e-02
-7.846710955767145501e-01
3.002592689744187360e-01
8.000520799011547890e-01
-7.274042758343467474e-01
-7.555345996610994819e-01
2.735178298362074267e-01
-9.751310446175860402e-01
-5.852217376715930230e-01
1.027043166482098646e-01
9.628074336110168385e-01
3.204898511830521213e-01
-1.095177347532702711e-01
-5.424709358873258669e-01
-1.409219723156778237e-01
6.821267341610094403e-01
4.495712203336810209e-01
-7.126824574909469412e-01
7.751216416588616043e-02
7.357145053126634693e-01
8.868828510054637126e-01
-8.916946034966599655e-01
6.198278561124149766e-01
-4.902332107996624222e-01
4.013074200141081849e-01
7.268914977796921972e-01
6.873550279513054861e-02
6.030261809036632781e-02
-6.305427240143912648e-01
-3.236969047264369737e-01
7.957918439097355634e-01
6.109233627061669836e-01
5.725990052645499873e-01
9.537363482653664626e-01
9.074403247384991156e-01
8.014536293700162961e-01
-7.331661914142890701e-01
-2.666087594532410773e-02
8.477467614848271937e-01
-8.473531273752055171e-01
3.616878623773728263e-01
-6.079038730801563650e-01
5.924320405836679404e-01
4.169880593519899592e-01
7.590546739942097831e-01
8.906491158369288508e-01
6.248758793863109506e-01
6.550191397773168223e-02
3.494211528679083134e-01
3.983454154510481238e-01
4.253669238635268690e-01
-6.374952005500980623e-02
-9.257027812845353143e-01
-3.574270677028779652e-01
-8.098824527296397680e-01
5.743763373224600732e-01
2.243202350496912301e-01
-8.369919312030974501e-01
-9.244436552269086338e-01
6.567992558095416822e-01
-4.026628942001891365e-01
3.897617971458021136e-01
-1.199644178837321745e-01
9.939111319380939946e-01
-5.442169289338514432e-02
-1.964467354779398378e-01
-3.544317909596524929e-01
-6.423835346841666460e-01
-5.686862830731843621e-01
-2.602861730062600021e-01
6.170788679832150958e-01
-9.096824609266241923e-01
-9.212263613038775834e-01
2.201254864832778713e-01
-4.370812445823398229e-01
4.771998196464830033e-01
3.140187325518642436e-01
-9.223807949784551541e-01
3.688115470192581680e-01
-2.082733128649697230e-01
3.254306850917587646e-01
-6.059619856161752027e-01
-8.487672634276818284e-01
-8.535871209467402743e-01
-8.255526576312939291e-01
-6.138309596441179350e-01
2.960846304051605871e-01
2.255814486214695672e-02
-6.343575077349393743e-01
9.418480004815890094e-01
7.674104233427374577e-01
5.040877643185253110e-01
-7.727434809335892441e-01
2.462985612949381287e-01
-1.683220160101778218e-01
5.343838322883712744e-01
-6.283565763676324245e-01
-2.651463824506814504e-01
2.398764872517554769e-01
3.600204515884797285e-01
6.602240910822920750e-01
-8.047178432700008432e-01
-8.531725441803176269e-01
8.733873411855692936e-02
2.178636891198700576e-01
2.644672171679059991e-01
-8.873387584237937276e-01
5.547205410911218437e-02
-1.242839731458243030e-01
-2.328219272814443519e-01
-8.736252878811675560e-01
-1.345294980665678874e-01
-5.148454321849036397e-01
7.265380997073389580e-01
-7.998280465403838635e-01
-7.641636813478884793e-01
-3.069919575649531635e-02
5.645870604319587205e-01
-4.651144788587339984e-02
3.222545967273907630e-01
8.095493074865314220e-01
-7.584171440755225202e-01
8.122846096916872538e-01
4.444846652595009218e-01
-2.537681904659777055e-01
5.958063301420199465e-02
2.558651752002096269e-01
7.073839144938794954e-01
-6.899873853202850293e-01
-9.194749548880535306e-01
3.977534634172192329e-01
-3.043623189076467839e-02
1.463134119839062386e-01
-2.187246892305572954e-01
6.516587333854345632e-01
-7.131566867885035244e-01
-5.856070182356389875e-01
-3.105200881188395837e-02
1.511270927159190647e-01
1.562218318196932909e-01
2.714907275997240355e-01
3.891666092256347298e-01
1.091738940470082103e-01
8.462408219255438402e-01
-1.955997983212489910e-01
4.950062060164008848e-01
6.457075421128825043e-01
5.986273428180356460e-01
9.066926535242096907e-01
-7.168659428449741799e-01
1.445907100994288375e-01
9.395725649494853782e-01
-6.356153745289366830e-01
7.953195597798774497e-01
-3.269580054628211663e-01
-9.415498098387634629e-01
2.567697264911066313e-01
-4.408141341591596540e-01
2.508006777829547285e-01
1.069006922357410364e-02
8.747387937394973667e-01
7.165792294450300248e-02
-4.355797257467117767e-01
-7.154188106081835752e-01
-5.311729549439332398e-01
-8.144133055296601809e-01
-2.785202640263577112e-01
-2.207198267312078244e-01
-6.782302217223864504e-01
4.740556302827829138e-01
3.600002673078646076e-01
-4.286045311731913610e-01
9.494656238333850640e-01
7.859020490506002377e-01
7.748780889419160101e-02
-3.609450702875395822e-01
-9.453239892725239235e-01
-2.093203273804576936e-01
3.838151746184018803e-02
-1.851674105176569565e-02
4.129024403706252344e-01
-7.241611600449748831e-01
-9.979345097256923092e-01
-8.834196098305860945e-01
5.482983667271760231e-01
-6.375701178908950162e-01
-7.021226134168310207e-01
-6.716307268785056683e-01
-4.724196761584932847e-01
-5.460895349607980398e-01
-7.282948809968111670e-01
-7.528130468584047774e-01
-3.553611323375444053e-01
-1.474664548772109396e-01
-2.235482812805989761e-01
7.687539874987040500e-01
3.137900804404685773e-01
-6.382583982470166895e-01
-9.107657381415803499e-01
-9.999855609188521566e-01
5.411010709336322444e-01
-4.307847078795405960e-01
3.927915710026823048e-01
-3.365846477435931461e-01
6.176241752071303104e-01
-6.386700884613332185e-01
6.485555189469777160e-01
3.072086304146638969e-01
-3.277185678020246296e-01
-3.395522048689709749e-01
7.464709848265872472e-01
-7.398180685564168524e-01
9.370973543000216122e-01
-5.882450651699241417e-01
4.197590459672078111e-01
-2.544488383085553584e-01
7.256787019217165735e-01
6.951610822587271643e-02
-2.563930889867531773e-02
-8.062394978733600226e-02
-2.400520974786147718e-02
3.858264040548501361e-01
-6.539485010520533770e-01
3.163128256224936874e-01
7.488450389265383089e-01
-1.708819940656548797e-01
2.319427638029271654e-01
9.791900118548334531e-01
-1.694140773044789383e-01
7.761811615366188688e-01
-1.852488248010664140e-01
1.226779390786696296e-02
8.069990946220863270e-02
2.847796400412274664e-01
1.552172596186444931e-01
-8.012708879031477105e-01
3.523472893084048096e-01
-7.362972047846033652e-02
-4.406469268123907046e-01
8.954276643981351480e-01
-2.540389207171392938e-01
-3.741770688585906446e-01
3.055687070864290811e-01
-8.727823552957473252e-01
-1.810378701742770269e-01
7.216216969152612348e-01
8.126615196692248133e-02
-5.091936860084612659e-01
5.156085201858251477e-01
-3.354215243540954045e-02
6.670700177894933747e-01
3.069013370454619083e-01
-3.828305383559506003e-01
-5.513295686934933659e-01
4.285360785593674282e-01
-3.010529276315007663e-01
7.154694045977892936e-01
8.275159283674891064e-01
2.755154700062265385e-02
3.556637302829819824e-01
3.596820971494657515e-01
-2.963461985746660976e-01
-6.955851884709882693e-01
-1.746224329781474738e-01
-2.381776683914300641e-01
5.782759810448272475e-01
6.386319782467714257e-02
8.061160534445784842e-01
-3.607405678923849557e-01
5.234364477160242668e-01
-9.317402740310697373e-01
-2.606330013178335681e-01
8.938549361436542995e-01
5.164286198966203667e-01
-5.099493090331912448e-01
-5.490473735702933178e-01
-8.303903948346001984e-01
-6.660408430129439727e-01
-5.242243881230462810e-01
1.553671123487818384e-01
-5.728621274698817434e-01
-5.204433413761132554e-01
-7.030444315142599931e-01
8.109361607300952235e-01
3.384777069400052296e-01
5.263309243763594214e-01
-6.396903801599189698e-01
-9.181766690344860260e-01
3.134409640364472227e-01
4.498963719398240135e-01
-1.953520121746583904e-01
9.876605438745065246e-01
7.564841240985803461e-01
8.633504496238186832e-01
7.182006555815579896e-01
8.305120477588494587e-01
-3.228683551273150432e-01
7.967523521415283139e-02
6.584774777800656009e-01
-3.478592574542029303e-01
4.735423039196504091e-02
1.813264414361127064e-01
-9.638937982917993308e-01
9.097612382266093145e-02
7.873941272812861047e-01
6.068140002343779260e-01
-5.567537208992981990e-01
-9.055153585731697818e-01
-6.438668953887757285e-01
2.640934282081650042e-01
2.122080930256942111e-01
-7.953874595535879166e-01
-2.451858708143771493e-01
7.930109169953181159e-01
1.764015980998163979e-01
2.920958171189780850e-01
3.888514809029017805e-01
7.685421684618943816e-01
-5.190534261941739391e-01
-7.798451675762890778e-01
-4.401642711050389456e-02
-1.379971898687688547e-01
-7.737675746248212638e-01
9.546705373021272534e-01
3.449537670620062002e-01
-7.109128582821043763e-01
-5.468758188740208137e-01
-1.242529632344613888e-01
-5.838726931395131770e-01
-6.425090488335089001e-01
2.606439332904966766e-01
6.412784245090707991e-01
2.427565298764323143e-01
6.050430312451933190e-01
7.863514782517129209e-01
9.589679231634344603e-02
1.696094475336646090e-01
-4.055698051450741526e-02
-6.570560498788725612e-01
-1.749220413667608165e-01
8.860567064573412477e-01
8.548174466291943441e-01
-8.865881480997157560e-01
7.382257925610311022e-02
-3.239832200479000890e-01
-2.279583034982225059e-02
9.994850532110298724e-01
2.820293168062850131e-01
1.658925511505558725e-01
6.641226957810140163e-01
2.521219335104291637e-01
1.946930905918822785e-01
-2.701074739526603818e-01
-2.482721074121816973e-01
-3.977324601120224568e-01
-9.407925659698307408e-01
2.994650554396104392e-01
-2.138688481363721361e-01
4.285525961854289023e-01
2.361892184122065252e-01
-3.542686927505663691e-02
-5.237578010619080571e-01
-3.209414496067895528e-01
-4.551209288161828792e-01
6.855727292607676215e-01
5.582039696661791339e-01
5.920886093879743628e-01
-5.547666331997905820e-01
8.925061119448625124e-01
8.347175419916007533e-01
8.148382432100453876e-01
7.510453543280244393e-01
3.410454727982917267e-02
7.682436069272269297e-01
2.984618537634433078e-01
-6.256088437376361444e-01
8.710423289417917880e-01
-6.139669016561812853e-01
5.884884064946867971e-02
5.634153364275705789e-01
