6.649090922956766292e-01
-8.418352753973660230e-01
8.707513866487757159e-01
9.518377189325154530e-01
-7.687032613593470787e-01
9.194823283011411830e-01
-5.079737756210808142e-01
2.218902666815992519e-01
-9.999999834755103345e-01
-9.604395964735920055e-01
4.553334872191008853e-01
5.965740991842478635e-01
9.777382403836135660e-01
9.868377453342500605e-01
-8.247732397327358633e-01
6.266289751873432845e-01
-3.812820134151789688e-03
-9.179201670798267099e-01
5.654518371278045574e-01
-1.824294160719617391e-02
7.529336116330076489e-01
-8.165514278828813755e-01
9.429364604216391443e-01
3.958609927363100911e-01
9.289955778673086861e-01
-6.328480950306962782e-01
9.360068950460189718e-01
8.845790710716725513e-01
9.828436038176137091e-01
3.477598761178781195e-01
-2.568277151319549589e-01
-7.517943817644587856e-01
-9.157114703665113487e-01
-7.362333274065778754e-01
-2.370417465317797290e-01
-9.521926326304223087e-01
6.490700736491954448e-01
8.324887621090685252e-01
-7.146436359247418935e-01
-8.422051515983016712e-01
-7.221213913281695485e-01
-8.206118432505133953e-01
-6.889402148333285680e-01
-7.784307634672783527e-01
4.836664937388790442e-01
3.374519962404082807e-01
4.667085507546913092e-01
8.144703934836287906e-02
3.877537556613160907e-01
8.507371691154500537e-01
-1.676739000744196240e-01
-4.251857886425967070e-01
2.669070610968991009e-01
-4.075467291025322014e-01
-5.943153657289419571e-03
4.734218758331666388e-01
