3.376412650052436071e-01
7.491046964084391302e-02
2.376114337328940618e-01
-6.693894447594802947e-03
-8.099669617637610119e-02
-4.937346373806629322e-03
-2.578233933465108249e-02
5.974698878130956046e-04
3.442183109963825038e-01
1.228215244170351300e-01
9.449854150467876246e-02
1.222427831351684258e-02
2.058621970470074503e-01
-3.738653942001561592e-02
1.622262472496903973e-01
1.337076335200466579e-02
9.568037368650160746e-01
9.582817989961097682e-01
5.001714966238965387e-02
8.978000029106988356e-01
1.840933349082074233e-01
-3.008351635979396033e-01
-2.582010682170433613e-01
6.825531208927908267e-02
-6.065672301847847142e-02
-9.714040601231640482e-01
-6.566753781791426214e-02
6.003716964862040317e-01
-2.572341841482744251e-01
-5.942558198135207415e-02
-3.223342339163909331e-01
8.706358848906278758e-02
-5.348159475959410325e-02
8.128777691441393949e-03
1.046913654397660931e-01
-1.724895906544161167e-02
-6.194091257857550215e-01
-4.662669483112415469e-01
1.748063657482951394e-01
-2.342471909598917712e-01
-9.939335124937653809e-01
9.641335166893559849e-01
-2.151020939605945842e-02
8.031881116276444743e-01
2.810271771100248880e-02
-6.547994161776805877e-02
3.573683337718889380e-02
1.716055878089879583e+00
8.920616172518876230e-02
-6.178648883427062533e-01
3.251793217273302172e-01
-7.055127544386038951e-02
9.952522941981449822e-01
9.277968636150145665e-01
3.446637045969432045e-02
-9.302386592616312955e-01
9.878718631341987244e-01
-9.611706945132082458e-01
-7.821699468150729306e-02
1.005234647915977497e+00
-5.100651356024941963e-02
1.418257131212887975e-02
-4.013689136851843198e-02
-5.987664312118041315e-02
8.694636714044657877e-01
-1.880564842524188041e-01
5.252673216049178473e-01
-2.423510193878737964e-03
2.635310228961720846e-02
-1.367605423405198473e-01
9.926727165954586374e-01
-9.433935789096532520e-01
-2.002883126111237866e-01
-9.294295627820809980e-01
9.315979091570750770e-01
-1.939880983990120544e+00
