-9.783602485746639710e-01
-9.901467711838338737e-01
8.153714897469663825e-01
-8.129442466319739546e-01
-9.931857217065735988e-01
-8.902667050360582035e-01
9.992298005020027185e-01
6.021331114539280049e-01
6.349417248552532422e-01
-9.997334004917068917e-01
-3.724209111397634997e-01
5.304986380300526216e-02
8.755738711872554925e-01
-9.993564916999334580e-01
5.064757803375957712e-01
2.562929446779057055e-02
2.651418019083137678e-01
1.000000000000000000e+00
-9.997643109075761148e-01
-1.426031359158884682e-01
-5.598046500462422470e-01
9.601133201325995348e-01
6.146368922369219723e-01
6.536080070060376057e-01
1.581567726481200031e-01
-3.916152150200759019e-01
-6.258758772132274467e-03
9.983435434813080489e-01
-9.944965131236613853e-01
-9.942037468549463908e-01
-3.139662760354272608e-01
3.428963883775678068e-01
-9.868559276968809080e-01
-4.043009148808184294e-01
8.820967497641554189e-01
9.313430085684647475e-01
-6.929113982938575056e-01
5.416386858647166402e-01
9.571749283831851862e-01
-9.962554895433214375e-01
-5.504958746089279042e-01
-1.375778077260135790e-01
9.983312943653526172e-01
6.488876728444084030e-01
9.865942376533404223e-01
1.234073085296171629e-01
9.958489015596976301e-01
8.682749405493109807e-01
-9.980089831041167869e-01
-5.867305982155489597e-01
5.224337806977289445e-01
9.822484870596662754e-01
9.884422218439326002e-01
-8.227288627343306571e-01
-9.900249209887079793e-01
-4.937510365335729401e-01
