-3.912244710468821274e-01
-9.838570597121495398e-01
-5.376680464008851690e-01
-1.198697065449076116e-01
5.367170867900824538e-01
6.023205433194958047e-01
-6.868778672253780249e-01
1.455381532692750501e-01
9.977867640358598633e-01
-5.093140458808126381e-01
4.082396521610167639e-01
1.920247633776939189e-01
-4.143612552578290753e-02
7.672796822930478822e-01
5.250843426489273380e-01
-2.888670337151181267e-01
-9.975835520142970481e-01
3.810985927551557850e-01
4.024903276715391387e-01
9.805475714110536423e-01
-8.292340779052786992e-01
9.792206597130151957e-01
-1.499884932517120129e-01
3.873383508571290323e-01
2.450864186131864186e-01
5.651189866838559617e-01
1.248554627767662489e-01
-2.576915846891920103e-01
9.937067168900767244e-01
-6.874517993380176994e-01
1.345734673988280838e-01
4.620372895300624561e-01
7.712952331562067387e-01
-1.649655989036768466e-01
5.296942159954991514e-01
9.169490744635155899e-01
-5.930503292072960564e-01
5.661321632392630754e-01
-5.864737394796606385e-01
-2.127437639051091567e-01
-3.397006695120999842e-01
-4.183858019575049658e-01
2.323832276753134696e-01
-1.800488737343870771e-01
-3.838604547683495127e-01
6.298451614165145873e-01
1.000000000000000000e+00
3.785627144148233092e-01
-7.848591461314367024e-01
-6.227255145219373622e-01
8.166085005203629343e-01
9.442366343356721758e-01
-1.728763160539010385e-02
-1.359576411255848383e-01
-7.982027860422565846e-01
-1.047863576503871297e+00
