-6.499570662625103745e-01
3.285592514564920075e-01
-4.115572964599557015e-01
1.515983296669341784e-01
1.552028375051631159e-01
6.212353971080247783e-02
3.725461790097367443e-01
4.476376025639308143e-01
8.042260039010495909e-01
7.873626471896387757e-01
-1.749985281180626573e-01
1.022579428061311940e-01
-6.881519474155579907e-02
-8.928578669691842329e-01
3.912983105416097951e-01
-2.700606263856697789e-02
3.064904888757646328e-01
-5.234894644740439862e-01
3.153865461201026121e-02
-1.750487935839334930e-01
2.024626266939151265e-01
-7.144107192691800945e-01
-3.132786298879415843e-01
-8.070793887607420336e-01
4.066575640684002568e-01
-3.874031132217253814e-01
9.055434530284814931e-01
3.599432446979020095e-01
3.734018061550898882e-01
-9.622855452641444485e-01
2.653798613854466484e-02
-2.968573219219173762e-02
2.457446980832143357e-01
-4.422732327748377795e-02
-2.267252701180334784e-01
6.540158064113203995e-01
2.628642586579333917e-01
1.298177395110476362e-01
-1.610372925059092575e-01
-4.826812224349472102e-01
5.153997325781628502e-01
-5.468763753430212482e-01
2.729528653556295703e-01
2.866182837286111382e-02
3.895223150976750426e-01
6.675661311413935151e-01
-2.696153931919130775e-01
1.132684453893010035e-01
-2.888830184291673042e-01
-1.031159710990002532e-01
-9.643459089242528703e-01
-2.026743572916136216e-01
3.200943852824786329e-01
1.931404407578915516e-01
-4.722709820153113414e-02
1.244525100140123942e-02
-7.689575544850353606e-02
-3.880654328356875626e-01
-2.105945012994134835e-01
-2.957140610853088991e-01
2.587498416325599571e-02
-1.488263652407367521e-01
8.051980432183064584e-01
4.895388901973376505e-01
-3.492793621730618803e-01
7.545578756414742516e-01
-9.741087499954592666e-02
6.930251590816611795e-01
-2.807637885639424069e-01
-2.126841804662348706e-02
-2.737855117637478242e-01
5.364304364697924932e-01
9.174077668772215866e-01
4.323586245772542691e-01
-3.974733267010482907e-01
7.372359689526791771e-02
