9.546022065832252546e-01
6.372903981845420840e-02
1.980726242071229742e-02
-1.101758817240478319e-02
0.000000000000000000e+00
-5.903802369832494845e-02
9.999991106523696827e-01
3.149173740813479561e-02
-1.742863586470115925e-02
0.000000000000000000e+00
-5.755914671401341637e-04
1.741587199320774899e-04
9.714988741836360076e-01
5.602021360697731489e-02
0.000000000000000000e+00
1.795611410919425131e-03
-1.097140964109532581e-03
-3.233479324989620152e-02
9.999999940363147877e-01
0.000000000000000000e+00
-4.018316367959105517e-01
-6.466115755764536566e-01
-4.595636460828581710e-02
2.964237249016800010e-02
0.000000000000000000e+00
-1.335149063676369834e-03
1.346451988277249344e-03
-4.417737287572254257e-01
-6.238831136865048421e-01
0.000000000000000000e+00
