8.638716872549817571e-01
-4.690815979942461467e-02
9.184793202699735870e-01
-7.470765720254705922e-02
-3.543920920215240522e-01
1.489549456869924682e-01
-3.389419598512876663e-01
5.179992717628364440e-01
-5.658783440963388589e-01
8.641032743936459815e-01
-4.339569113485078344e-01
-2.940935151975634931e-01
-7.474579214811986061e-01
-4.707272242409988108e-04
-4.501273563251450560e-01
-6.337255227106544098e-01
9.436207876108406722e-01
-7.299909075080286414e-01
3.037690745159409289e-01
-1.997083677260164669e-01
-9.840954838796028836e-01
3.487281471268369737e-01
4.389894330727697191e-01
4.204515028469823501e-01
-3.085483076208956899e-01
6.737241400857225671e-01
8.651271608409194513e-01
9.907527258889495814e-01
-9.997396246248063667e-01
-1.485482987620450057e-01
