-9.870638520747924138e-01
-4.734962934255397271e-01
8.157219983704783184e-01
-2.125760425486043215e-01
9.502281635937210869e-01
-5.375799242173983084e-01
-8.229925986573944849e-03
-3.227436586014660880e-01
-9.094271865743813743e-01
5.371421074557045650e-01
5.592629363778431895e-01
2.107561896261887086e-02
4.051759860201926133e-01
1.380847929799528667e-02
-3.847369591685906864e-01
-4.692355615447033612e-01
4.924220579909985296e-01
-3.959271980358645138e-01
-4.371037086938426852e-01
-1.326172393379474457e-01
-8.938675581411613669e-01
-3.289957458713344551e-01
-6.932284666940320417e-01
-5.287379251507602351e-01
5.588091091713327518e-01
-1.266298654663271517e-01
-9.730913531984143328e-01
-1.351143374509429507e-01
4.603646152724962248e-01
4.209150889144672725e-01
2.845207792109306077e-01
8.717964411695291460e-01
-4.329161314436982266e-01
6.713188861464390866e-01
-8.085217176816571483e-01
-3.251222658501947693e-01
1.329222550203765785e-01
-8.139131336237728220e-01
7.382448428607886193e-01
5.979717695933769311e-02
7.968921078683837145e-01
-9.810312882996216066e-01
3.486779496815926582e-01
1.301661551094920009e-02
5.189489811012800713e-01
-3.616088474016921905e-01
2.564140749613909587e-01
-5.490479543279078722e-01
-7.979447511869164344e-01
-5.652301342950854374e-02
3.422448233523778249e-01
-3.194926717273559036e-01
1.781480726209981602e-01
-3.670459108699334339e-01
4.858796443469374782e-01
1.058738341492289868e-02
6.794494296165900504e-01
-8.949859460531472966e-01
8.226674698134370800e-01
-4.498254711591127553e-01
1.754687048401434024e-01
-7.143529676207834855e-01
1.553263776656523265e-01
7.575209313045193626e-01
-9.829471395306748072e-01
-2.841932283163985801e-02
5.725843892699996607e-01
5.326528280308489016e-01
6.139030256829698384e-01
3.199225117208434610e-02
-5.858324928420082234e-01
-6.469756156572538108e-01
4.425069264881485026e-02
-2.687240560079224294e-01
-5.919269999413403344e-02
3.770794060197948938e-01
3.484894249681252387e-01
9.555188002140170278e-01
-1.091030426425575600e-01
-6.239515831500086485e-01
9.534832549757440434e-01
