6.732372587532482466e-01
-8.459327805702752112e-01
-5.793353128831992167e-04
1.708884095120722637e-03
-5.671059433786024891e-04
-1.585128877626164985e-03
9.559240847992648282e-01
-7.760117107125805713e-01
9.241692067470715921e-01
1.990878333136179845e-03
-2.609222902157850178e-04
-2.185952080070561088e-04
-1.137391393189199915e-03
2.241128891935725564e-01
-9.999974706015514192e-01
-9.575713725985202096e-01
1.523530144268828157e-03
-1.919512205056379112e-04
1.729793545893131565e-03
-8.290189478136970446e-04
6.039427079279684474e-01
9.805261829006430840e-01
9.869307776265010546e-01
6.777489956455031534e-04
1.104104346755744410e-03
-1.689859732059363585e-03
-1.823320292670589171e-03
6.310011510068662677e-01
8.346512417930427837e-05
-9.205914710239172516e-01
-1.133581732474035243e-03
1.904192037406710568e-04
3.337067819915203858e-04
6.174074212775938026e-04
-1.204109339033310709e-02
-1.578487460022973002e-03
4.795153416935888074e-04
6.703849510909664078e-01
-8.452171298105847219e-01
6.651810014389135661e-01
8.705692770182568152e-01
9.581655762812575361e-01
3.050571680173636783e-03
-5.934532880996269168e-04
-7.742440771269666344e-01
9.246798991514777466e-01
-7.692216520222370235e-01
-5.097906324166920911e-01
2.225409039638343300e-01
2.942412777083250764e-03
-5.150259538312967249e-04
-9.999999999981706855e-01
-9.571758620142182261e-01
-9.999990528555672276e-01
4.562009018242118574e-01
6.044579057017154256e-01
5.369015001695696086e-04
2.376706528395775833e-04
9.795162627023216162e-01
9.879448024506797266e-01
9.773489240901193087e-01
-8.274815084036695190e-01
6.312474427078840211e-01
-1.586205530329391983e-03
1.975118731901539582e-04
-7.015332310339623132e-04
-9.208489081699532397e-01
-3.470602205709917565e-03
5.665442289430931977e-01
-1.174349303243486103e-02
7.622231134889487780e-01
-8.163007398170936124e-01
9.476240024954837304e-01
4.021487219964887116e-01
9.300116093525201411e-01
7.639948374794970805e-03
3.576622996706696565e-03
5.089263681616842082e-03
6.460924959692784277e-03
-1.036979986082628685e-03
-6.236167095525966264e-01
9.372233528115662127e-01
8.928406125177673625e-01
9.863865350966731782e-01
3.479876500096317771e-01
-2.596295900354318453e-01
3.992815836986934874e-03
1.455961540538473764e-03
4.073036646147754590e-04
4.269003237631516408e-03
-7.874324689572053358e-04
-7.507073180363315057e-01
-9.190700238081100926e-01
-7.398995904029265214e-01
-2.386654810820605099e-01
-9.545601410719385393e-01
6.502792249960553939e-01
-3.143505079686565069e-03
-2.710975391551280131e-03
-1.180619604790858175e-03
-3.546021785984845246e-03
1.295596778747408993e-03
8.306656111427580536e-01
-7.146274589673285993e-01
-8.419716578427423048e-01
-7.221348386477980386e-01
-8.207114996699226284e-01
-6.889899981495353209e-01
-2.526434385670318932e-05
8.280828131634123150e-05
-1.533273120638443878e-04
7.643089087349057666e-05
-8.402271058410063734e-05
-7.787160715597284399e-01
4.837486752880433283e-01
3.374991422699634702e-01
4.667474988985951256e-01
8.147388305885290560e-02
3.877565717178527160e-01
5.552880588487815202e-05
4.360261021764349858e-05
6.825685247640051223e-06
7.950156562505255643e-05
-2.830669721533919024e-05
8.507528588338529874e-01
8.614251469967823191e-03
3.367967706511417001e-03
6.093073461171871590e-03
5.819445832826667352e-03
-2.248911380578255464e-04
7.621432784501716018e-01
-8.155816892894782733e-01
9.482032635757776662e-01
4.028632728545374353e-01
9.294994960784859206e-01
-6.228257712635160148e-01
4.437870896675179429e-03
3.415807022930901840e-04
-3.223912270650529550e-04
2.666169064072734015e-03
2.681942539336548388e-04
9.360294468390507605e-01
8.932435175222321888e-01
9.851251650727281817e-01
3.492951798020444421e-01
-2.608274988499320601e-01
-7.516286871573396589e-01
-4.431570142538253897e-03
-1.388775140053016355e-03
-1.269705724219272105e-03
-2.620882571697159390e-03
-9.113610439947024912e-06
-9.178759105402881646e-01
-7.411665787605895561e-01
-2.380980532820522189e-01
-9.564011189459203921e-01
6.519373622990141115e-01
8.305513826552406442e-01
4.112914735184898974e-05
9.458924634610967465e-05
-1.169768586714997480e-04
-7.003724391232152703e-05
-1.421626941717115325e-05
-7.146875162803572046e-01
-8.419308947670257615e-01
-7.222171206408596333e-01
-8.205808713542842581e-01
-6.891113735881837510e-01
-7.786918081266729352e-01
9.075859293001629772e-05
4.624318709033881070e-05
3.424910550898420283e-05
4.677420676866627882e-05
-3.723937986079752366e-06
4.837563319880054946e-01
3.375016684402947775e-01
4.667587584199947015e-01
8.148925610513452211e-02
3.877508102774529508e-01
8.507770810930049832e-01
-2.045656374694334312e-01
-4.671304498985267006e-01
3.055912549316799898e-01
-3.738543452741584505e-01
-3.835812424040334345e-02
-1.975307418263780312e-01
-4.677359788534639073e-01
3.137322089665269265e-01
-3.739063470925518273e-01
-3.809854389314855372e-02
9.135587900585901977e-01
