5.265113320810507203e-01
-1.969086606353513680e-02
1.227502677653959928e-01
1.075770336209914024e+00
-1.097793313391215886e+00
1.077340701568720194e+00
-2.235737047189543247e+00
-1.229540858027904499e-01
9.653564784635249030e-01
1.844544225085077149e-01
-5.631037786015307134e-01
1.367810352093801862e+00
-1.227700604356830594e+00
-2.066077358659066832e+00
-9.610932070751883327e-02
-2.776628496002953028e-01
-2.787191788276944249e-01
-8.160975863221229254e-01
-5.089824746813036427e-01
-1.211586163973326080e+00
-2.423917179192813798e+00
2.351696207422842022e-01
-5.360214625025058188e-01
5.937767653256093014e-01
4.929897111946444643e-01
-1.043868983537135087e+00
1.240277866591158462e+00
-2.440861516810089338e+00
-3.716443306538155245e-01
4.091690304640374087e-01
-1.498952235513758280e-01
9.370499475382459975e-03
1.287822828104485007e+00
8.461547111229388296e-01
-1.944618608413985372e+00
-6.119933896839147014e-01
5.477531090441442041e-01
5.656209524225914720e-01
-2.923982937167189378e-01
9.028451665021993700e-01
1.286282644352164217e+00
-1.836390285117342369e+00
9.470569547343779537e-02
-5.083067924397183940e-03
-6.980488587013055080e-01
-9.749216813461359932e-01
-1.695436321563128068e+00
-1.177513832954444561e+00
-2.005425471750186261e+00
-2.348512651433820042e-01
1.078030537452661530e+00
7.398073863257906835e-01
8.599845176563853943e-01
8.332105958940390078e-01
1.230607726153940318e+00
-1.806121183594996182e+00
-4.320367978153040189e-01
8.117848766690362039e-01
-6.553560528363472359e-02
-7.792201547560334562e-01
1.332439550853883103e+00
-1.214919874499419183e+00
-1.792824247257348347e+00
-1.565088862897938138e-01
4.190962366977597497e-01
-3.443939402825294538e-01
6.455842761927637063e-01
-3.464320298523130837e-01
-1.126221127844707848e+00
-2.240100756055936504e+00
5.945752823540513265e-01
7.570209442246511600e-01
-1.158937648552349042e+00
-1.318038101331281187e+00
-7.240463479420309323e-01
5.125517750997015121e-01
1.618939886649110038e+00
-6.286512760192060068e-01
-2.415732456529968264e+00
-2.489120324124435152e-02
2.748069496880262141e-01
-1.087653913617998347e+00
1.627302037917223831e+00
-1.130804844135607556e+00
-1.886546972551613521e+00
1.043805148901192359e+00
1.190636846786590430e+00
-1.204129553939284891e+00
1.126834791672537639e+00
6.133246349985803647e-01
-8.302958475348152234e-01
-4.381587149816828369e-02
2.546346609244540260e-01
-1.452951372739125502e-01
-1.267957096531046601e-01
3.878160294616155301e-01
-5.287338065284300642e-02
3.880382746293277452e-02
-7.057016671743272518e-01
3.460441761396024218e-01
1.361865804569967718e-02
4.124337099348001079e-01
-3.361077851616900425e-02
1.680738565871904733e+00
-1.374355084037187424e+00
-1.799862572370836133e+00
1.260953087716259580e+00
7.987729440012156790e-01
9.118257279645153313e-01
-1.843107188051620327e+00
1.432791778669200378e+00
-1.035367977677323914e+00
-4.133380944626404152e-01
-9.189128102419057142e-03
