9.365684262850458852e-01
1.561699131975507852e-02
7.285391121865018860e-02
-8.943509495150017002e-03
0.000000000000000000e+00
-9.398299119955411118e-02
2.164097058802909659e-02
9.999995464048309080e-01
-1.277997145395438384e-02
0.000000000000000000e+00
-1.062310067931241699e-02
9.446672644267266605e-01
8.616939292373893000e-03
7.064546808913840792e-02
0.000000000000000000e+00
-8.511940299741766955e-03
-7.899181677612961139e-02
9.831838261644080396e-03
9.999992209494877882e-01
0.000000000000000000e+00
-3.521458034512236490e-01
-6.793010304426886359e-01
-3.516159039294979027e-02
2.267736422957356349e-02
0.000000000000000000e+00
1.813031993812205117e-02
-1.591307999680188767e-02
-3.713580617819136620e-01
-6.728584000240108720e-01
0.000000000000000000e+00
