6.737418030991759732e-01
-8.461441836860248422e-01
-2.614150383968826766e-03
2.469026697537275369e-03
-3.053811707656641644e-04
-6.214360915778191713e-04
9.540228961368905081e-01
-7.757732779940976764e-01
9.241796749625434959e-01
-2.348056962451600029e-03
1.522335069328322257e-03
-3.141877426600268516e-04
-8.965161229398015206e-05
2.229861161846481976e-01
-9.999999998368739318e-01
-9.578224304169045134e-01
-4.333646281692240740e-03
2.148223618140819666e-03
2.025810846984908275e-03
6.831722681285208078e-04
6.026659063361859969e-01
9.809836016976154482e-01
9.870162275562254228e-01
-1.453435319069021521e-03
1.947004447820557338e-03
-1.839572454758535121e-03
-9.791859379389992925e-04
6.292851284364745501e-01
-1.531131350482953506e-04
-9.206089850097651794e-01
8.876906186702978327e-04
-6.469040343256705732e-04
4.442542217259227706e-04
1.145708632744673553e-04
-1.164932121974913276e-02
-2.114925746984963118e-04
-7.083181690088711786e-05
6.673799623972572759e-01
-8.439338814846945036e-01
6.652362368819919602e-01
8.716095701387887029e-01
9.583691413152144456e-01
2.267081230703830389e-03
-4.890521742144731624e-04
-7.775953064069281995e-01
9.258003846940094927e-01
-7.687794514982120297e-01
-5.087471801409960692e-01
2.188762860849427505e-01
1.828055878107464650e-03
-1.560649389819494811e-05
-9.999999999033661879e-01
-9.556023081891735771e-01
-9.999999999946673768e-01
4.569679874037685940e-01
5.988294191475128647e-01
1.654143513224343078e-03
-2.176906342020116104e-04
9.765185235473355929e-01
9.891844655577325396e-01
9.773738254688248972e-01
-8.264768188749314071e-01
6.312270302859341875e-01
-1.509241246945454895e-03
2.780245161392031340e-04
1.176867708912015306e-03
-9.215903239679461567e-01
-3.633986300263796106e-03
5.660988654537623121e-01
-1.034266631387208320e-02
7.615857317612799715e-01
-8.166122085319125201e-01
9.471469947219770535e-01
4.017138446661390749e-01
9.300991698809882857e-01
6.558277745434774181e-03
4.213010411127024457e-03
5.087710227536634128e-03
5.240748912147734882e-03
-1.170348279809081812e-03
-6.246089096173396138e-01
9.363166822583303128e-01
8.923014768585635359e-01
9.856681996226740461e-01
3.473953130923767563e-01
-2.594710800208928636e-01
1.175901497335792370e-03
4.817899691065714689e-03
1.932854867823940656e-03
8.840932505246398452e-04
-1.691931053362677592e-03
-7.521794137463090335e-01
-9.182215283644186155e-01
-7.393688202851937952e-01
-2.377198681774642941e-01
-9.541634193073766923e-01
6.502602297888550043e-01
-1.103906011305527896e-03
-4.670322337434812052e-03
-1.919534290299164999e-03
-1.051365244232305022e-03
1.769531002805159068e-03
8.320409038454192885e-01
-7.147381081480249643e-01
-8.420099557213504005e-01
-7.221719619661834955e-01
-8.208038366390624230e-01
-6.889629945498780828e-01
-2.306314248455205204e-04
2.636735067363308693e-04
-9.963868580549524868e-05
-1.638659422916134071e-04
-1.286002110944649420e-04
-7.788855379110030119e-01
4.837273880684797578e-01
3.374688175149133662e-01
4.667328284046261544e-01
8.146121162477025501e-02
3.877686645757945638e-01
1.188350700908715051e-05
8.532607407761643944e-05
2.976357175032528284e-05
1.282295936325826877e-05
-3.230412852056783958e-05
8.507259243412771399e-01
8.216773995057338742e-03
2.991303866922889656e-03
5.585245122631332139e-03
5.725048305068721095e-03
-2.203830248893693679e-04
7.612609845116266039e-01
-8.148384023612860183e-01
9.485009694913024703e-01
4.017116922244657884e-01
9.293773943378306202e-01
-6.233956563766520631e-01
1.501703732526026231e-03
1.930911763037468278e-04
-1.908716848456862031e-03
3.755782241703448858e-04
1.943984597655926269e-04
9.320099754809005876e-01
8.954497574180186881e-01
9.848670327586945827e-01
3.452295773811657198e-01
-2.615374959113536124e-01
-7.556587708174525853e-01
-3.755779100233681920e-03
-6.815231201176260916e-04
-3.886220927575278756e-04
-2.203899409012313650e-03
-1.852592539945353747e-04
-9.158824728733333531e-01
-7.433186204007740105e-01
-2.388229697707393573e-01
-9.538416205667864523e-01
6.524898825485347942e-01
8.318431114850958208e-01
-1.193159248697772180e-04
3.925333016516653341e-05
-2.239469995721421122e-04
-1.656454934122151559e-04
-7.382917217115354195e-06
-7.149619607849717617e-01
-8.417299070142524320e-01
-7.221217245704318888e-01
-8.208727308446288617e-01
-6.891374757133428286e-01
-7.789375374781827288e-01
4.735925636928421884e-05
1.980040199514340090e-05
4.470145108831341163e-06
1.993203211381288211e-05
2.663225361408028224e-06
4.836843552062586871e-01
3.375378057869930504e-01
4.667684951932921100e-01
8.141949483653744546e-02
3.877430870565196086e-01
8.507196125786787855e-01
-2.035981617001385302e-01
-4.624733099966519823e-01
3.023590377970015175e-01
-3.807392333092931014e-01
-3.198196207067635632e-02
-1.874474817206474853e-01
-4.688806498548537260e-01
3.089829375533737488e-01
-3.806701809559299154e-01
-3.210097214419384976e-02
9.206571959944033212e-01
