-1.517366316216388691e-02
-6.689916955370908136e-01
5.966832065139625607e-01
4.583097707812534005e-01
9.995026021136426131e-01
5.613470505169909641e-01
4.844013447807301032e-01
-4.437950772485015905e-01
-9.762761400329292294e-02
-9.922039348296814998e-01
-4.674272053950821459e-01
-6.716860557756341166e-01
-9.984875563207779026e-01
-9.717415382106256438e-02
5.296607285547700883e-01
-6.613914817151823611e-01
4.534218652378314007e-01
-9.947472790495908157e-01
-3.168669380260092927e-01
5.504877908206512460e-01
-9.983992490080025872e-01
5.682939045984636284e-01
-2.601636271927133537e-01
6.461393723865506145e-01
7.244266165813556535e-01
-5.492723077405374799e-01
-7.493640483731837110e-01
-4.802590904320808707e-01
1.855006434427844131e-01
2.320375345518976562e-01
-8.871339744990615062e-01
1.250442912360117953e-01
8.979762612993409387e-01
-1.450777907854419735e-01
-7.729853528864348566e-02
-4.463114897782927692e-01
6.934416656412242808e-02
4.442964796915139236e-01
8.194193873738552236e-01
6.331522149141977085e-01
6.331907210590026480e-01
7.237885911839043729e-01
4.574666118471034659e-01
-3.786923453826171460e-02
5.322725474452222327e-01
4.723636587026305289e-01
-7.623297449373974688e-01
1.429470192192882516e+00
2.703124800188173582e-01
7.971462859565200398e-01
-6.154372595051782469e-01
1.236810302835547715e+00
-6.067022986965832088e-01
-9.928462685964654089e-01
-4.909792515727481321e-01
-8.251141154849337411e-01
6.516407440784917071e-01
-6.980870925818256634e-01
-9.532252115680514004e-01
-1.199507838513499181e+00
5.500359830170031827e-01
-2.764778520539175055e-01
-6.656485568684760157e-01
-8.531584806932555054e-01
7.410227493785485064e-01
6.591564983396608346e-01
-2.333735281120042082e-01
-4.316085481854728956e-01
-5.431310508507125601e-01
-6.568916310977602757e-01
1.869821547267628559e-01
-1.569970805690458215e-01
4.853042216874574842e-03
-6.367431665327627499e-01
5.173882013531388990e-01
-1.077167792932727908e+00
