-5.219765311205403213e-01
3.548814854854027145e-01
-4.105779497304290482e-01
2.112936703659799020e-01
1.729740805054853225e-01
6.133170498954167160e-02
3.776311524930843766e-01
4.358152835346303933e-01
7.973953203138667289e-01
7.859506550822398241e-01
-1.751150206200286219e-01
1.081564800441748297e-01
-6.599435851647775242e-02
-8.717413872123672691e-01
4.137071422459660530e-01
3.114787751195751131e-01
3.755547899438572701e-01
-5.316274012677681959e-01
2.608627832674285107e-01
-9.745175341568021454e-02
1.955020229499788709e-01
-7.092864851613455146e-01
-4.303416963054185196e-01
-8.754823117344727734e-01
3.893669137025191351e-01
-4.139670840486384673e-01
9.360151992306172675e-01
3.764284424691479169e-01
5.101057031455911162e-01
-7.997486616769682310e-01
2.289467234415404062e-01
-2.803544330052183398e-01
2.131722673752264319e-01
2.095338512301446188e-01
-1.558970537349621543e-01
7.023230600000663904e-01
2.391354961624802822e-01
-1.464345654487164972e-01
-3.441741275152025437e-01
-5.273971606827543290e-01
4.110508757292269388e-01
-5.252387318482739653e-01
2.971169313326188499e-01
2.620378801579638650e-01
7.112511570127048044e-01
5.053356115119492786e-01
-7.713259341230843669e-01
2.350190266852289211e-01
-2.412112329864865012e-01
-3.118812093770582591e-02
-7.351534028991624226e-01
-2.242768415593242026e-01
1.672940887048045278e-01
7.379537169164893107e-02
-7.495915222116994459e-02
-7.594742412473994009e-02
-1.083268382996106921e-01
-3.791313553141322790e-01
-1.042380242382696942e-01
-1.256536260117412374e-01
-6.856153825741352625e-02
-2.825516635476421623e-01
9.984965715362029703e-01
4.847524575293734594e-01
-2.588612494254184382e-01
9.991206467550379777e-01
-1.000293209709406522e-01
6.846632324790983271e-01
-2.786826121561634118e-01
-2.569067404929717760e-02
-2.941911762482717352e-01
5.172471498114524779e-01
9.182261719986661852e-01
4.450246794835518993e-01
-3.744985179704679590e-01
7.096216283625507160e-01
