9.999024769559661241e-01
5.641421959359581573e-01
-4.376535825823346659e-01
6.620353160601915032e-01
1.015193276498550373e-01
3.767996284870032964e-02
4.091183833588421526e-01
4.078388623685411107e-01
7.616216815980009214e-01
8.780828263103560571e-01
-1.276239528324414896e-01
8.796990028671383688e-02
-1.798901613171020528e-02
-8.504689201463255799e-01
4.074457844845501553e-01
9.992092730861718008e-01
4.838950718990799038e-02
-7.175520090890623592e-01
1.429176160822224761e-01
-6.379063856710681657e-01
1.198188353064591621e-01
-7.101317539844007598e-01
-6.791078330364820337e-01
-9.765805656809978252e-01
6.857220524389500138e-01
-4.031572719453136999e-01
8.165566052633587146e-01
5.176072316985271815e-01
5.345318792175676181e-01
-8.204756517364385493e-01
9.983992039366859084e-01
4.916440803113714675e-01
-1.531670666691018479e-01
-2.299952637791418120e-01
-5.413391393721288525e-01
6.161314440557077443e-01
2.149052179970515619e-01
-4.355749423289331790e-01
-6.759642085246474197e-02
-2.864167301370011964e-01
2.275370802041138396e-01
-5.583434312728529081e-01
4.116094152099268877e-01
3.064256065535784779e-01
7.801449424976295566e-01
9.991909142762984697e-01
9.979218321362736122e-01
-1.974116256396987457e-01
-1.224086919524499245e-01
1.731433457276360943e-01
-8.011413772689218726e-01
-1.774424962422386787e-01
2.715216642574334038e-01
9.037531244149686893e-01
-1.629484062002995934e-02
-1.221585257242495393e-01
1.497947712492858352e-01
-3.441791226593050035e-01
-1.464301747223204983e-02
-5.242854517527352487e-03
8.930264178637150607e-01
6.455699559375888130e-01
6.849980460914224523e-01
5.834767160978736600e-01
-1.692488510906594024e-01
9.109463570491174167e-01
-7.718124184417247957e-02
7.864785896507501262e-01
2.703872961197191227e-01
-1.833556017590612375e-02
-2.701973802752997145e-01
6.881517931194831572e-01
9.233318260090611629e-01
4.713179958298617245e-01
-3.389886074035236563e-01
9.009417497115621565e-01
