-2.824809478143709973e-01
-4.610022888583067968e-01
-1.438350920449587012e-01
-9.240222015638122066e-01
-1.670618840710882680e-01
-1.897429183203895031e-01
-8.223714925732471537e-01
5.399207039591983337e-01
-4.657418827669769779e-01
-2.444873116196701335e-01
7.945783773085268731e-02
-2.339075051068500999e-02
-1.484206063070945825e-01
-5.220625456740467241e-02
-9.369032318448190788e-02
8.728154904970428229e-02
6.609869616474182141e-01
5.681835661006240379e-01
5.472834242930539883e-01
2.700906453298104748e-01
5.089845347676436732e-02
5.936201253829958002e-01
-5.823134887683110161e-01
9.321498030678295743e-01
9.903899587669157123e-01
3.168334448362118416e-01
3.380329537989199551e-01
9.969611986384310232e-01
5.276433838235690121e-01
1.660679907172545877e-01
4.269482359699595109e-01
-1.255022359948709254e-01
8.957780736106365493e-01
7.154289770993715880e-01
1.208434935597413051e-01
5.840055445597819306e-01
5.982074760999317453e-01
-2.108295211851959061e-01
7.176683958938433472e-01
-2.454308418362526334e-01
1.613505631197201529e-01
5.191545422576286928e-01
6.910554305493541438e-01
2.584118629550631319e-01
8.635487536553497767e-01
3.382442781101985263e-01
-5.981714495887235916e-02
2.254604243702959185e-03
-1.023789278844706718e-01
4.111775431477051601e-01
7.209728937987466280e-01
2.554650577752001772e-01
4.476500454718903010e-01
7.806058392133833346e-01
-4.497632765995535076e-01
1.101166252582841815e-01
7.813289003247680942e-01
9.386771734723280414e-01
9.440866913595032939e-01
9.700623305244493455e-01
-5.771461555073814642e-01
-2.912949959026701063e-01
-6.808611739140369989e-01
-2.400183387310974581e-01
-1.469731992052625003e-01
-9.457532759472281336e-01
-4.346880039962572329e-02
-2.211925852027715189e-01
-5.623479113135695373e-01
-4.420111018236655420e-01
3.065041548826594187e-01
-1.731182751147723742e-01
-6.376201903998607312e-01
-1.446142181942112470e-01
6.230550214756072069e-01
-3.755068371865207810e-01
8.950975218123682353e-01
-6.946759051669381124e-01
5.845803533846173350e-01
2.895902468977556432e-01
-2.941121196652355385e-01
-8.940098049061755148e-02
-2.632058902578241488e-01
7.076862082139334653e-01
6.007598861331430173e-01
8.062643518310758442e-03
5.423030046800791926e-01
-5.182539998360444766e-01
9.673889897366745316e-01
9.898890968983914407e-01
-3.284046529330603148e-01
8.296685548920419428e-01
5.621023453813211133e-03
-7.464956699787060890e-01
5.343306802755942719e-01
-2.923949390380206070e-01
-1.777687801272616330e-01
-4.176377845361864405e-02
4.090644930677185265e-01
8.413968130444987245e-03
8.186789668824212551e-01
-5.081299923928747075e-01
9.999467630601226453e-01
5.330604447761563280e-01
-3.404991980469327384e-01
7.334514091920050216e-01
4.817352551304974195e-01
8.461001061113889721e-01
-4.800465626393466551e-02
2.407286495052584491e-02
9.780471372012748965e-01
1.529726970306442488e-02
1.393529682057620955e-01
6.989065723798392193e-01
-3.647079248887791225e-01
8.621642282514523359e-01
6.146282354985982410e-01
8.289777771624007308e-01
8.650525112520659476e-01
4.096864647135176618e-01
2.224801108695431962e-01
-4.719118997240193125e-02
-6.719369023362602167e-02
4.236359832190477598e-02
4.326686751949659349e-01
2.068100655345942729e-01
2.708625783705920775e-01
-4.489043575961980115e-01
4.304909629347918876e-01
-2.738916668244303354e-01
2.271040006997243621e-01
-2.260120223641415571e-01
8.990155430248106816e-01
7.118940092909427364e-03
1.000000000000000000e+00
-3.160403888335241995e-01
9.368128116973483133e-01
-4.280569814329582834e-01
4.613000255386524584e-01
9.985077560867058333e-01
-5.180296322604840409e-01
9.574543393311780726e-01
6.733287733015230758e-01
1.147641998276032610e-01
4.726555966514745522e-01
2.457151926469590131e-01
4.337485713716627278e-01
9.912999580130079647e-01
4.762756994995192561e-01
9.975282476815042765e-01
9.223003813288664920e-01
