-2.824809478520780015e-01
-4.610022916547147909e-01
-1.438352133574047342e-01
-9.240252835769695583e-01
-1.671078780454364199e-01
-1.901480601036409090e-01
-8.244884120788251725e-01
5.333587655459355314e-01
-4.776050465313991245e-01
-2.561435581012184159e-01
7.496323187314568592e-02
-2.222879419854264724e-02
-1.495616240302406752e-01
-5.968658792687620701e-02
-1.008958849933228458e-01
9.589885232294999284e-02
6.970929695743124377e-01
6.247913659981489953e-01
6.026183546834236182e-01
3.073767045753342253e-01
6.928206529429178917e-02
6.017499512803060613e-01
-5.787888523971438381e-01
9.323134817535804197e-01
9.888550494751456865e-01
3.155113439316477031e-01
3.374577802123495118e-01
9.968083116024275547e-01
5.276170793295341666e-01
1.660650123423487168e-01
4.269482359497611124e-01
-1.255022375897761056e-01
8.957780010056408670e-01
7.154270881051301156e-01
1.208155090979234486e-01
5.837695077202943450e-01
5.970735483299799418e-01
-2.139042561851090263e-01
7.132404443003754757e-01
-2.475647454336577791e-01
1.647693517514284278e-01
5.261077149816045795e-01
6.947036086014855005e-01
2.541812083990205862e-01
8.570124632725932834e-01
3.429710979726942610e-01
-3.464527896449171029e-02
4.226808063073059923e-02
-6.334483941120082340e-02
4.372328136954433120e-01
7.329006460089159125e-01
2.594439264149067115e-01
4.477917380932980307e-01
7.776810553181225938e-01
-4.536767749059920085e-01
1.075335868718380328e-01
7.803144553504062220e-01
9.384198304782216393e-01
9.440416461484415489e-01
9.700564205238311200e-01
-5.771461554445209696e-01
-2.912949917845537029e-01
-6.808610213443372361e-01
-2.400151190691701131e-01
-1.469340185025704015e-01
-9.454727128436485328e-01
-4.225108256021560538e-02
-2.178693822017644666e-01
-5.563660995375825369e-01
-4.339506391186270240e-01
3.175895572889115837e-01
-1.563696904298541579e-01
-6.186053808689251365e-01
-1.321454797479327259e-01
6.279691012651399395e-01
-3.703098670857472574e-01
9.064413041427754614e-01
-6.788626136334910965e-01
5.987569054984129835e-01
2.970819958566555119e-01
-2.944897502072407192e-01
-9.577320094736306577e-02
-2.754376953210725398e-01
6.903845044460782399e-01
5.847220114338984587e-01
-1.213148359750414835e-03
5.389364774721345785e-01
-5.190388783767468928e-01
9.672620836747436446e-01
9.898715147079408805e-01
-3.284046528117747221e-01
8.296685629337396950e-01
5.621324418604867375e-03
-7.464893021210400326e-01
5.344070923777515247e-01
-2.918716740445004287e-01
-1.757013162516323501e-01
-3.696979450482819340e-02
4.158354425170964208e-01
1.574275223108653754e-02
8.312024017890393690e-01
-4.806681059842305981e-01
9.995903433070566502e-01
5.684930423406422406e-01
-3.186410566346008499e-01
7.471450612528647284e-01
4.937849533258990009e-01
8.576745738944542286e-01
-3.975254393800727037e-02
2.556671541745644816e-02
9.712305596228050231e-01
-2.115247622099257312e-03
1.053421332645006758e-01
6.504470184618738049e-01
-4.093363010859489282e-01
8.363608890298310783e-01
6.052530531593574015e-01
8.268158018398612530e-01
8.647141403165199414e-01
4.096404220004746799e-01
2.224801109568880497e-01
-4.719118423750824631e-02
-6.719347873955129613e-02
4.236797358963432375e-02
4.327193794722552500e-01
2.071387415836722645e-01
2.720506060274446858e-01
-4.465384397799399552e-01
4.330590736719256428e-01
-2.711877325161174968e-01
2.366876724579525249e-01
-1.984206812075381132e-01
9.422809709391031241e-01
4.761519337189440426e-02
9.999997054113436423e-01
-2.980403706938934971e-01
9.520633333638247597e-01
-4.138515066492851058e-01
4.716655622269052550e-01
9.968864226492812897e-01
-5.249324280379014107e-01
9.360541689236008267e-01
6.277272041765238342e-01
4.815394861479663224e-02
4.108282159144555079e-01
2.097656950202216875e-01
4.206233380412647271e-01
9.882699158310720433e-01
4.758049217914954165e-01
9.974648621312252050e-01
9.223003813288664920e-01
