-2.824809478892292836e-01
-4.610022944480356988e-01
-1.438353355674792666e-01
-9.240284164907056619e-01
-1.671552594096734345e-01
-1.905737464812901905e-01
-8.267778933293147281e-01
5.259202947992591692e-01
-4.923286735189406071e-01
-2.738306333203507914e-01
6.288993477687838951e-02
-2.466068018277118440e-02
-1.438934453208967901e-01
-4.749988927337374378e-02
-8.440050560725763373e-02
1.162557613537110318e-01
7.336503729811222341e-01
6.950537999453354487e-01
7.027264807107747036e-01
4.108491994445506168e-01
1.509777680855614590e-01
6.523873207076874570e-01
-5.534529102413261459e-01
9.434942342461879461e-01
9.936966811005099043e-01
3.174748235406454344e-01
3.380916663462036897e-01
9.969546546746294036e-01
5.276403319843812056e-01
1.660675199148822223e-01
4.269482358601723315e-01
-1.255022437897190257e-01
8.957777490803533471e-01
7.154210116867587566e-01
1.207275711359925702e-01
5.829986879390864907e-01
5.929488396320062860e-01
-2.274773661358217292e-01
6.855415298420117765e-01
-2.829817970544286632e-01
1.360168858046196805e-01
5.111688688848087248e-01
6.917245573182976282e-01
2.616901738428158430e-01
8.730639382657995329e-01
3.647928973389482632e-01
-7.409639643474875796e-04
9.972042399021278924e-02
1.453747428804038136e-02
5.166786555198527031e-01
7.965590591134273923e-01
3.007016606478004617e-01
4.706669208626669820e-01
7.902920282367618121e-01
-4.464740529352012599e-01
1.110306330208676306e-01
7.815376999044891804e-01
9.387138815383471169e-01
9.440910683431094075e-01
9.700625714520614284e-01
-5.771461555749614059e-01
-2.912950002532832539e-01
-6.808613427818598351e-01
-2.400223625731059129e-01
-1.470326180831978968e-01
-9.462964112759840729e-01
-4.652103197995116624e-02
-2.316849341528675332e-01
-5.844414816757392828e-01
-4.706658122509466691e-01
2.835454087589114325e-01
-1.849801759181893823e-01
-6.430817988789371276e-01
-1.463414101165991243e-01
6.284750146950642824e-01
-3.598832518839288341e-01
9.231624510586999843e-01
-6.541391033399110988e-01
6.304829707490969826e-01
3.300543683409179474e-01
-2.655426889068784879e-01
-7.276330149767325228e-02
-2.555042989899434236e-01
7.100572353805739700e-01
6.011197665536087698e-01
8.210522205448114730e-03
5.424990755248496610e-01
-5.181434778280071818e-01
9.674196076336837313e-01
9.898932843619512312e-01
-3.284046529060079544e-01
8.296685571887649768e-01
5.621122548446428994e-03
-7.464934739024825516e-01
5.343548451119646270e-01
-2.922822349418498500e-01
-1.777765205679328608e-01
-4.373710872262197985e-02
4.016709601724132717e-01
-4.304211143959862755e-03
8.063425893086700880e-01
-5.169229437686769790e-01
9.998505210662058662e-01
5.290617353402496947e-01
-3.359119081292378795e-01
7.450358452202874293e-01
4.956528768134891294e-01
8.605491903255096942e-01
-3.413065435914806878e-02
3.514778455853678762e-02
9.846081543110476453e-01
1.703424862198241532e-02
1.365792809594418844e-01
6.933847510574309148e-01
-3.694671183596734965e-01
8.601761439440491763e-01
6.144612669439011299e-01
8.291682269017247586e-01
8.651329111401585559e-01
4.096994363282813190e-01
2.224801109221199447e-01
-4.719118615109913623e-02
-6.719353623178278556e-02
4.236703154304483077e-02
4.327107193405108632e-01
2.070882062843355520e-01
2.718139728439192826e-01
-4.474633336634881164e-01
4.305387673862093312e-01
-2.764574382517762663e-01
2.238614006212135965e-01
-2.291238001703693183e-01
8.945016023620048218e-01
5.147265872689845562e-03
1.000000000000000000e+00
-3.046986260482242859e-01
9.472878329839973244e-01
-4.199182442300030127e-01
4.679543817206283096e-01
9.999904007624876856e-01
-5.161358101670855403e-01
9.556086485236948702e-01
6.670477457999215432e-01
1.055030496814655105e-01
4.648745686208957673e-01
2.422496426022779925e-01
4.332468726892174105e-01
9.915079030867719467e-01
4.763824644341390080e-01
9.975464301826566516e-01
9.223003813288664920e-01
