-2.826713191010210569e-01
-4.614797535732060307e-01
-1.448407653462847611e-01
-9.257069917410348792e-01
-1.690011417662839466e-01
-1.909005166799505604e-01
-8.212713895232501837e-01
5.463660425850032087e-01
-4.493666924006284868e-01
-2.174876404802454921e-01
1.090838181193830581e-01
-2.555804610854932237e-03
-1.396029081726496979e-01
-4.732529577244180136e-02
-8.045090700106651005e-02
1.189755279470223054e-01
7.102034339122955675e-01
6.168454076767354577e-01
5.733769856613888383e-01
2.640561762315566385e-01
1.929631621996119595e-02
5.530144831478642775e-01
-6.178761208341607691e-01
9.074854625651670448e-01
9.765807349837400952e-01
3.107007400612258330e-01
3.358380856502080625e-01
9.962146484391687373e-01
5.273152815106344482e-01
1.659079620529569088e-01
4.265648435595034149e-01
-1.262669727659091468e-01
8.946309500810942783e-01
7.140220096044047615e-01
1.194686617468906920e-01
5.829601008109692728e-01
5.974844518091124712e-01
-2.105297565511616287e-01
7.212184724817205517e-01
-2.395526073700701974e-01
1.613070629616213947e-01
5.064111882772679429e-01
6.719232924058252676e-01
2.472327889079920238e-01
8.686241727905182897e-01
3.574053094346120729e-01
-3.848238360957198512e-02
7.789377269140935339e-03
-1.237723441748772024e-01
3.652931438124203400e-01
6.618703819985857217e-01
1.972899979986246222e-01
4.008402812642421487e-01
7.487745369876622759e-01
-4.682466906299602161e-01
1.008669385201986235e-01
7.771335122006605145e-01
9.366700183307274941e-01
9.429881278351479601e-01
9.695182944748823584e-01
-5.775374875329382096e-01
-2.919903846347906562e-01
-6.816952782238971942e-01
-2.407472769694969650e-01
-1.475893066543225440e-01
-9.470789324854701485e-01
-4.821364450043730265e-02
-2.328814952161584184e-01
-5.810187070697677703e-01
-4.668740580428890619e-01
2.699666255597398812e-01
-2.228620582008825901e-01
-6.854801626446599405e-01
-1.720857043723026392e-01
6.184341061480197466e-01
-3.712570008694517920e-01
8.888762665084456449e-01
-7.237687640094265795e-01
5.341046624268441789e-01
2.279963800521281059e-01
-3.561514841620639915e-01
-1.434241339890243994e-01
-3.040772678691557873e-01
6.807734337533069002e-01
5.851473530345528973e-01
-3.564817721222462033e-04
5.375484474384124578e-01
-5.212739487846937969e-01
9.655124655726468053e-01
9.889746207591754157e-01
-3.285895696445476633e-01
8.293740076514166670e-01
5.317088330102021435e-03
-7.467135855383958409e-01
5.340545932514909611e-01
-2.938312272145744974e-01
-1.838331781719482194e-01
-5.714385625591337364e-02
3.838725858567414995e-01
-2.569333384824830369e-02
7.696880250671876977e-01
-5.710639692399799294e-01
9.805592362029390552e-01
5.056646555371410168e-01
-3.392181227239160490e-01
7.469618817558030255e-01
4.861127313193805421e-01
8.294518797127680143e-01
-8.249600272259145772e-02
-1.816909452697237567e-02
9.365709564637476614e-01
-1.998705840030028102e-02
1.133121282886953712e-01
6.829323085659587678e-01
-3.722150148631915290e-01
8.592871160367397954e-01
6.127730105538859995e-01
8.270433128825008806e-01
8.635507855143296219e-01
4.089381126898917196e-01
2.224435261086241677e-01
-4.723345643708239810e-02
-6.722028020181160246e-02
4.234887586129919279e-02
4.325611983800747296e-01
2.059965279772651980e-01
2.673705437210837088e-01
-4.578485236713420448e-01
4.150575997534986517e-01
-2.979673155895249392e-01
1.877013407143055257e-01
-2.775714722373152643e-01
8.565568658069390162e-01
-8.244818896392646854e-03
1.000000000000000000e+00
-2.889600973597614697e-01
9.591775328992723226e-01
-4.233583817590106380e-01
4.497086456969436319e-01
9.796008747656317350e-01
-5.369706903762588857e-01
9.417050698359648031e-01
6.621624601450137870e-01
1.093346386148081467e-01
4.727779621395427623e-01
2.483788563355847634e-01
4.355318870088326633e-01
9.914648926330419387e-01
4.758625097986787233e-01
9.972520023838694625e-01
9.223003813288664920e-01
