-2.864119624292771338e-01
-4.733740726530188958e-01
-1.738403432297572770e-01
-9.763630969255588932e-01
-2.297638027361629809e-01
-2.410535664285609614e-01
-8.536378565153529552e-01
5.180523873321779549e-01
-4.909914090965199485e-01
-2.720266016326032266e-01
5.966652041049090582e-02
-3.196520452849539728e-02
-1.502882808361805378e-01
-4.986725657007155810e-02
-8.474478906392446387e-02
1.053541379494239427e-01
6.854183056920151174e-01
5.938916751420072471e-01
5.738857979061283698e-01
2.982293051381925686e-01
7.972429601622364748e-02
6.218175151508276155e-01
-5.581655418018578452e-01
9.502561972023071402e-01
1.000000000000000000e+00
3.343932558486140683e-01
3.598917757758589575e-01
1.000000000000000000e+00
5.537729952069115891e-01
1.863916505773943744e-01
4.205719730153757996e-01
-1.413045780090096126e-01
8.648663029110034151e-01
6.686511366109804122e-01
6.914027698444361048e-02
5.430363827820688938e-01
5.707855937726792339e-01
-2.385178964177872285e-01
6.763941632163142925e-01
-2.963640820037599655e-01
1.154774259745806470e-01
4.866135107682934002e-01
6.716728756054989313e-01
2.504893118963226195e-01
8.643236505853409968e-01
3.428787380343610303e-01
-5.556654352797435470e-02
7.338453806875822223e-03
-8.999269549922402078e-02
4.338544714552193815e-01
7.513548006453969474e-01
2.890417706983711144e-01
4.790261073110010925e-01
8.075492440461072841e-01
-4.225507996024966406e-01
1.457220258099162502e-01
8.295857309346743591e-01
9.958854768171565564e-01
9.988081166831835889e-01
1.000000000000000000e+00
-5.827684234630831073e-01
-3.031220675841678758e-01
-6.997119622135870021e-01
-2.636820985861827449e-01
-1.698303794378016596e-01
-9.628187419960658744e-01
-5.728103455095257673e-02
-2.427790207558975510e-01
-6.008265742054147429e-01
-4.934433889719396227e-01
2.531713522177911346e-01
-2.210689747568123087e-01
-6.749512600163298792e-01
-1.682587606682791892e-01
6.080394742108379269e-01
-3.908661075533013673e-01
8.773482759686966892e-01
-7.074938456934327657e-01
5.851216888652381876e-01
3.048019910893679518e-01
-2.686702300529119625e-01
-5.928920873503112920e-02
-2.333196846941493763e-01
7.359668367047583759e-01
6.324188936046072351e-01
5.233578904882448674e-02
6.045773289387306182e-01
-4.452910001778414562e-01
1.000000000000000000e+00
1.000000000000000000e+00
-3.305986813312087880e-01
8.254688933356875147e-01
-3.546833416256108353e-04
-7.531209442997691683e-01
5.286643720302509619e-01
-2.963964494665210503e-01
-1.821960803440982879e-01
-5.193204390217488059e-02
3.885537769729344171e-01
-2.221182258445615967e-02
7.786461801143234052e-01
-5.568846332397197063e-01
9.877003408228002268e-01
4.954285062989753352e-01
-3.687982363673819042e-01
7.071753880329292308e-01
4.576412079736286165e-01
8.314022789518755729e-01
-4.830004876219774063e-02
3.634685111990990092e-02
9.975283862693069548e-01
3.735016705650295171e-02
1.613415415164035638e-01
7.211009627278158751e-01
-3.384696788529892308e-01
8.987092330181613020e-01
6.650660443826336143e-01
8.861852837840110686e-01
9.131437173921473915e-01
4.381966661118757989e-01
2.223833934795618472e-01
-4.731962427940146487e-02
-6.747611815343655672e-02
4.182696568915444252e-02
4.320650929789301986e-01
2.062972944999908742e-01
2.698935692935026665e-01
-4.519746086891913150e-01
4.232063143883993406e-01
-2.881291129857861399e-01
2.004998745485431777e-01
-2.674066070771571324e-01
8.526383551287946005e-01
-3.153320922759834249e-02
1.000000000000000000e+00
-3.419171398187014210e-01
9.152834811095549306e-01
-4.402885780907394020e-01
4.610464366930463465e-01
1.000000000000000000e+00
-5.049907919699516690e-01
9.708251981889832738e-01
6.862854976016591335e-01
1.288155096267308564e-01
4.898824115223421316e-01
2.680602625738935929e-01
4.622541082719003880e-01
1.000000000000000000e+00
5.012025000145312603e-01
1.000000000000000000e+00
9.223003813288664920e-01
