-2.850712974239695274e-01
-4.691073670336036172e-01
-1.624195801132642392e-01
-9.539114102453989386e-01
-1.998781783892911168e-01
-2.142807573998370685e-01
-8.357420340392596181e-01
5.318042529807385232e-01
-4.743838368454101895e-01
-2.531155504682873203e-01
7.482232503695444847e-02
-2.332540466600814544e-02
-1.461580241114691647e-01
-4.803087059342646403e-02
-8.462303596357123592e-02
1.042282524941229305e-01
6.845571922391199271e-01
5.930990591343910934e-01
5.704491971114041826e-01
2.897166310855650018e-01
6.197414602090636077e-02
5.920192899762047878e-01
-5.941590925242949961e-01
9.193050312681877445e-01
9.863341208501642532e-01
3.246750719075744973e-01
3.541417673573268310e-01
1.000000000000000000e+00
5.470377381278872519e-01
1.805784197241292466e-01
4.234859364425774819e-01
-1.340923551526975455e-01
8.793910448021742265e-01
6.917579047848008145e-01
9.611948134531722587e-02
5.654041817230470723e-01
5.855545880404531278e-01
-2.252756682167716129e-01
6.953871870308707681e-01
-2.729163947095978870e-01
1.356040871150875349e-01
4.993002325164734856e-01
6.789607076781656314e-01
2.556729680398682203e-01
8.691028168794000530e-01
3.480798826325439688e-01
-4.955625799594465253e-02
1.197879824101595256e-02
-9.052148575941533493e-02
4.264734580656274199e-01
7.356293355482093066e-01
2.644794499384302000e-01
4.512244995401721304e-01
7.861369420523472984e-01
-4.317898310943416029e-01
1.456803936903098839e-01
8.290182532995516995e-01
9.869299677747769284e-01
9.830195978662954470e-01
9.943540613401339323e-01
-5.795206987575540758e-01
-2.960882210840798390e-01
-6.882612706382478240e-01
-2.492519523922207270e-01
-1.560052203870408438e-01
-9.530380459204390586e-01
-5.145506916933643288e-02
-2.361407532067012482e-01
-5.878591283650647092e-01
-4.752919464632821001e-01
2.693204918450268770e-01
-2.103879331037350198e-01
-6.665092742726494990e-01
-1.579636211750695685e-01
6.214034237197146870e-01
-3.758758365555532888e-01
8.906963072285664085e-01
-6.997785401231459979e-01
5.853264294689394243e-01
2.994453075131835451e-01
-2.768905304819730406e-01
-6.864101630853645941e-02
-2.407747181310707363e-01
7.354323627039403011e-01
6.430533702025529319e-01
7.171058418726131145e-02
6.199798794285196202e-01
-4.465728119792146122e-01
1.000000000000000000e+00
1.000000000000000000e+00
-3.288480590225704714e-01
8.289842279647642309e-01
4.704144822111957884e-03
-7.477383065972621479e-01
5.328907938543289147e-01
-2.941242370915979620e-01
-1.815511803329045992e-01
-5.095196764806789874e-02
3.927245481831588836e-01
-1.536131787721027944e-02
7.834202585725559276e-01
-5.556193434596646830e-01
9.909578310132131085e-01
5.066049360286101200e-01
-3.490995424427664751e-01
7.301516272031184362e-01
4.757565269368632110e-01
8.390950879834260245e-01
-5.053844087704152666e-02
2.917614518412326580e-02
9.904938483417486950e-01
3.303331629003428138e-02
1.608109587004911412e-01
7.264302548132510751e-01
-3.227070661853707612e-01
9.265573108086301302e-01
6.946239834926822843e-01
9.016648254202063173e-01
9.118473893364492655e-01
4.308880249924810779e-01
2.227817193431669007e-01
-4.660415711360587493e-02
-6.653041610757190472e-02
4.276909915143278784e-02
4.327345876330399577e-01
2.065258518558231726e-01
2.696298345676731434e-01
-4.524354682691162366e-01
4.233075416934098945e-01
-2.877840296416135923e-01
1.987158476343127422e-01
-2.716949643607285969e-01
8.509603646873761251e-01
-2.419816259815523243e-02
9.999999999740799561e-01
-3.192115466192026463e-01
9.332223018255119129e-01
-4.332927323939494424e-01
4.578540648351780429e-01
9.992081988857580699e-01
-5.133898644473753325e-01
9.649117111873268815e-01
6.831040994294039770e-01
1.288413320323631150e-01
4.973920687418266762e-01
2.882325114989527370e-01
4.907250204956782325e-01
1.000000000000000000e+00
5.113222181465071348e-01
1.000000000000000000e+00
9.223003813288664920e-01
