-2.824809477329440766e-01
-4.610022837343534241e-01
-1.438349038002186553e-01
-9.240181170705431546e-01
-1.670089213917871906e-01
-1.893291279144951045e-01
-8.204238507662144908e-01
5.453691099772167705e-01
-4.570404012481550926e-01
-2.376929423310218947e-01
7.892030498664232008e-02
-3.079645039001861762e-02
-1.572809276091006736e-01
-5.667441345251125057e-02
-8.899871317790807035e-02
1.049355678874084041e-01
6.863078519704898239e-01
5.852713377410863060e-01
5.522770905248129969e-01
2.758412834585257101e-01
6.256029254524574090e-02
6.048363303531296697e-01
-5.761141973376526781e-01
9.342542227854679915e-01
9.908694100911870084e-01
3.169414865332308984e-01
3.380612711432142703e-01
9.969664757554129730e-01
5.276438847677425992e-01
1.660680021495446745e-01
4.269482360671976728e-01
-1.255022303285175944e-01
8.957782640092244453e-01
7.154327366897631491e-01
1.208882563202368227e-01
5.843345662828753895e-01
5.997062180475779547e-01
-2.067387635344723196e-01
7.236817630494233322e-01
-2.428113090645123706e-01
1.552908965158225352e-01
5.060888643903964645e-01
6.779535534692594512e-01
2.506901788132380182e-01
8.633306942907094106e-01
3.466633097352007087e-01
-4.677588810481508874e-02
9.657932016937749095e-03
-1.023996794019578493e-01
4.129076594088987862e-01
7.277432233189361499e-01
2.625145970953228769e-01
4.516212393551591320e-01
7.820054887719071202e-01
-4.493779838171838570e-01
1.102406570866258512e-01
7.813645722274029648e-01
9.386815204640392984e-01
9.440860847305259096e-01
9.700620637316074157e-01
-5.771461554573573682e-01
-2.912949932993572077e-01
-6.808610993285119095e-01
-2.400171531064527186e-01
-1.469624078906529852e-01
-9.456933167464234291e-01
-4.326058985256867051e-02
-2.208816852506340078e-01
-5.632080695569806617e-01
-4.475313743128394028e-01
2.935995617830924886e-01
-1.903001356703183933e-01
-6.520412675525940616e-01
-1.528546039688719882e-01
6.196082979383670253e-01
-3.763888561146253586e-01
8.939853068198015951e-01
-6.988145971452995875e-01
5.787925653057680586e-01
2.862627285749645423e-01
-2.942262943855357693e-01
-8.851252458860885131e-02
-2.628114587980948103e-01
7.075158203757656583e-01
6.004201648223972398e-01
7.795072926167510852e-03
5.421566240788578961e-01
-5.183113554246356891e-01
9.673738329004073488e-01
9.898865403860783729e-01
-3.284046529170729367e-01
8.296685557656452437e-01
5.621049801533158780e-03
-7.464952421524144732e-01
5.343340875540790735e-01
-2.923882154571911807e-01
-1.778622853076040344e-01
-4.261427463474627003e-02
4.054951213573025348e-01
-9.237812293775518211e-04
8.027012046663904998e-01
-5.252300399139333553e-01
9.998577358645579505e-01
5.313604676829862816e-01
-3.375903434279463600e-01
7.357340939620734543e-01
4.781504977939696754e-01
8.359602711806741748e-01
-5.928078389994381053e-02
1.654870712443089892e-02
9.744303682325373694e-01
1.363030886748154910e-02
1.381783353588731944e-01
6.975507399603939618e-01
-3.662096066929026450e-01
8.609798059397421044e-01
6.139999589968140326e-01
8.287533495569047171e-01
8.649987893773405379e-01
4.096780299992205943e-01
2.224801108795780302e-01
-4.719118925788910041e-02
-6.719366167704092507e-02
4.236423127447051101e-02
4.326762641124463071e-01
2.068561182004163557e-01
2.709662645912020995e-01
-4.491710564484097112e-01
4.280848221054259772e-01
-2.813256240791437435e-01
2.143342569980573042e-01
-2.377907842336948185e-01
8.957935082678362138e-01
1.274671205379700710e-02
9.999999998792139522e-01
-3.081769167349341920e-01
9.353094971809460256e-01
-4.395693939414960782e-01
4.476730390949607008e-01
9.894640804532370826e-01
-5.222324028579792277e-01
9.556793968083132640e-01
6.721058998657409855e-01
1.130988596484583802e-01
4.705753174693820817e-01
2.439851177635993240e-01
4.328158359064149807e-01
9.909680525035361454e-01
4.761972167504482933e-01
9.975160717823601253e-01
9.223003813288664920e-01
