-2.824809477953994508e-01
-4.610022886348091875e-01
-1.438351233236494775e-01
-9.240237761483499623e-01
-1.670935194085779452e-01
-1.900681617493683861e-01
-8.242219797801701997e-01
5.338772586846742829e-01
-4.770356164912429864e-01
-2.552498309973036394e-01
7.808523341625317471e-02
-1.519023150816897240e-02
-1.380011888980615387e-01
-4.146823379605635990e-02
-7.335096318929103243e-02
1.345993182218074846e-01
7.439863864523230674e-01
6.629347788514156070e-01
6.085093099721246013e-01
2.744581569908297602e-01
1.299513830298414281e-02
5.420479346495594708e-01
-6.290771324238565443e-01
8.973973165328665846e-01
9.695544871902932460e-01
3.074348129852363387e-01
3.350168899723096061e-01
9.962959307161793898e-01
5.275439291791745866e-01
1.660578189955282113e-01
4.269482359694126705e-01
-1.255022380999133158e-01
8.957779118777650096e-01
7.154235636419362665e-01
1.207499158637636710e-01
5.831196218331551329e-01
5.934673941414889686e-01
-2.254473010945423073e-01
6.915684042497933781e-01
-2.713958179658327863e-01
1.499693399361813617e-01
5.223378741859440177e-01
6.999724523948295252e-01
2.703879782002522880e-01
8.844525807917951177e-01
3.787828712101551920e-01
4.817846653047804829e-03
7.269695451791736984e-02
-5.900891842529239206e-02
4.109423455761998523e-01
6.876485130222835807e-01
2.087366024954540600e-01
4.000898617159269754e-01
7.388872199045450895e-01
-4.801834667332265383e-01
9.306503575793678706e-02
7.744026138903291612e-01
9.367009781514047395e-01
9.436931204536567197e-01
9.700069494539151904e-01
-5.771461555797124943e-01
-2.912950029586157119e-01
-6.808615360942452677e-01
-2.400285380978605942e-01
-1.471343899962280488e-01
-9.472053493024740201e-01
-5.102273825690147729e-02
-2.441790913101847260e-01
-6.038984443025030568e-01
-4.878257468944366959e-01
2.735959506354095905e-01
-1.906562143278861809e-01
-6.437618097249866445e-01
-1.410338210878861187e-01
6.347311686021290811e-01
-3.562292983980910877e-01
9.218787819331157873e-01
-6.670599679352064992e-01
6.007856992164539722e-01
2.875826525392227717e-01
-3.112971174201555336e-01
-1.159723396649275512e-01
-2.969585367990951741e-01
6.678376643448606931e-01
5.604429928008179962e-01
-2.331841013774195795e-02
5.249451817827901490e-01
-5.247721583189326466e-01
9.657525223376517420e-01
9.896124386127769235e-01
-3.284046530551577581e-01
8.296685452622341028e-01
5.620590192298329998e-03
-7.465068608063957223e-01
5.341637433556978287e-01
-2.938419539184949358e-01
-1.851112876876644386e-01
-6.384995381995019204e-02
3.684631081769676464e-01
-4.123513502158989569e-02
7.702625810928078742e-01
-5.514644505077505032e-01
1.000000000000000000e+00
5.195752581082099253e-01
-3.418587550570906797e-01
7.373175578507978889e-01
4.896556754151537572e-01
8.574572700111829926e-01
-3.811668243259913602e-02
2.659016200447874775e-02
9.713068763899512792e-01
-6.338365581361327236e-04
1.109104314884751252e-01
6.525227929828194551e-01
-4.265107109249913209e-01
8.023963597440224582e-01
5.757954102015607756e-01
8.126298580480609823e-01
8.606087367084379602e-01
4.088931490232906585e-01
2.224801107820797430e-01
-4.719119645918550682e-02
-6.719396749260736490e-02
4.235673900657331570e-02
4.325700039634429728e-01
2.059805657792122546e-01
2.667563314734954782e-01
-4.610924131688222682e-01
4.075519057405758150e-01
-3.057988952343408950e-01
1.863969379066321430e-01
-2.730155833618576056e-01
8.591399741731576833e-01
-1.516037837726992576e-02
1.000000000000000000e+00
-3.185432636027821229e-01
9.399848666683648934e-01
-4.183236127951019401e-01
4.733408773255047275e-01
9.999972560233578722e-01
-5.197535449111075900e-01
9.459945074310177615e-01
6.474043848221407993e-01
6.604246965485441323e-02
4.011842736241240659e-01
1.717855427276551994e-01
3.834196808882271990e-01
9.694190936673456882e-01
4.701926126606912337e-01
9.964249169412807694e-01
9.223003813288664920e-01
