-8.599895735927291784e-02
8.793427468789791757e-01
4.255571340247708140e-02
7.464114358754840861e-01
-8.388793473038592963e-02
-6.901589697733164774e-01
-8.343275637118431343e-01
-5.735868292030569249e-01
5.173554781657353496e-01
-3.632394053843148729e-01
-8.777616950163970033e-01
-7.105089087532426850e-01
-8.681149490342937591e-01
-7.771907535330435657e-01
-3.275869198902646717e-01
-8.559182533975525642e-01
-6.366294946259813958e-01
-9.030501052781135518e-02
7.667231126943713226e-01
-1.321227332976826485e-01
2.509806855772591105e-01
3.620955955719560304e-01
-5.158223190096187238e-01
-9.700208406993741928e-02
9.583285567811239414e-01
-6.105985841990626550e-01
-2.940604335582233109e-01
-1.039670725995667788e-01
-8.828763361970686230e-01
9.084678873666894861e-01
-4.230784067801873216e-01
-2.342866476602371850e-02
-8.320108521781236499e-01
-5.473509239027843920e-01
9.955402489654671117e-01
6.265063443242860908e-01
2.574537996758903824e-01
-6.992168297201580007e-02
5.567550450298367481e-01
-1.753088160361919723e-01
-7.820463136415690686e-01
7.257608033947493542e-01
-6.895233767451932616e-01
-3.155444791694899664e-01
-3.296891714225678172e-01
8.288438767359731507e-01
4.103941168028333863e-01
6.256855428881789027e-01
-2.056717564620125505e-01
4.900365297224736905e-01
6.470479596112297394e-01
7.590030788820505414e-01
9.306728324957507237e-01
8.759097689523567265e-01
2.274846403078836232e-01
-2.293074902778814705e-01
-7.435668015701052402e-02
4.261667375364961430e-01
-1.211302608144313453e-01
-1.838400862688553961e-01
-8.808297000605338489e-01
4.981875221838841794e-01
-6.516685402904343061e-01
-7.323311492491827446e-01
-9.484986326521381850e-01
-9.773728525476821360e-01
-3.755038602984970275e-01
8.709752128092720924e-02
3.595907847734613472e-01
1.605874123012863142e-01
4.226996956183038945e-01
-7.752884998536359040e-01
-3.566978558971759528e-01
3.287847384946976925e-01
6.010219817074188287e-01
2.131093270876889545e-01
7.762819795274698009e-01
4.672613329671217453e-01
6.446931664598439804e-01
-2.356064811719965901e-01
4.696637290257174024e-01
-1.960135888319762543e-01
2.019050451285930026e-01
-7.196823032165929890e-01
-6.033594330142576512e-01
5.556188010986667924e-01
-7.314559012911523439e-01
3.360796200719953220e-01
3.038575647131500634e-01
2.337969439030089247e-01
5.673321481961982604e-01
9.564181831714774207e-02
-6.583111756090694877e-01
5.734883841612273825e-01
9.586385927322452760e-01
-6.734716289576317960e-01
-6.887648968209596212e-02
-8.964480360830445749e-01
3.752846953554087733e-02
-6.782237206244967620e-01
-9.044897046048709921e-01
5.417256833568702412e-02
1.675497323544405948e-01
8.971882795569652291e-01
-5.792882028221235657e-01
1.843465671680809548e-01
-7.611139671538231788e-01
-3.584424550530750930e-01
-1.094205942008490140e-01
2.445766750323058458e-01
8.183548734156687043e-01
-7.176518847397300727e-01
-1.984380494916065940e-01
