-3.481155622454997212e-01
6.466182269324817211e-01
-5.127251498023640552e-01
8.706446602825049785e-01
-1.671578290466475825e-01
-8.250819065199459512e-01
-6.140688463977613809e-01
-3.340631907103762122e-01
4.834754718035810805e-01
-3.889729093919227498e-01
-8.592742463290053978e-01
-6.721215554344110998e-01
-9.848533079142787194e-01
-7.785864728175062588e-01
-4.779782695669814174e-01
-8.397070420792507317e-01
-6.598386609189967889e-01
-1.223272140068885627e-01
8.053894896108237944e-01
-1.150328834651804383e-02
2.770009161852528545e-01
2.010680842088003184e-01
-3.868969621292104866e-01
6.561337014778932664e-02
9.009979739277552691e-01
-5.342894387916181653e-01
-4.490530769867853156e-01
-1.696211118785884431e-01
-9.153334683144782602e-01
8.982001165448434410e-01
-4.922298241230143589e-01
2.294179551768542324e-02
-8.388970916935061251e-01
-5.518201718845698878e-01
9.938938611785224087e-01
6.243837032042934831e-01
2.586061399645847581e-01
-7.669906626001263272e-02
5.055697440048551039e-01
-1.636841539929319300e-01
-8.045173715439948303e-01
7.460507146103536602e-01
-6.712517544163347782e-01
-2.963541770106473128e-01
-3.123697273795587037e-01
8.038077676995022403e-01
4.362133838705934408e-01
6.567408662219975657e-01
-1.811706779829569403e-01
4.730337634447017159e-01
7.261896446820118589e-01
7.303618418071919915e-01
8.109651999994977878e-01
9.253610798840176122e-01
3.465193578139523778e-01
-3.022063200048351606e-01
-1.924939098886377653e-01
4.703031833854071087e-01
1.374446940434043141e-02
-1.547227366707481233e-01
-8.176885553673660656e-01
5.709848102614203391e-01
-5.760012204480008391e-01
-7.829591756323650564e-01
-8.996034174668401384e-01
-9.587912292212896759e-01
-2.856298172396229407e-01
4.548071267728142492e-03
3.848808693169251116e-01
1.395066633593375349e-01
3.535392344459195590e-01
-7.599600804445043600e-01
-3.269600966452639312e-01
3.337337162781880417e-01
6.658917821139319626e-01
1.618598396447575027e-01
8.609245629256204735e-01
5.019734220911115097e-01
6.994794035045486247e-01
-2.183921719425762908e-01
5.271960191555400410e-01
-2.426478717265427021e-01
2.627216090094687817e-01
-6.024605708977094354e-01
-5.758110587408846737e-01
5.538136581585408891e-01
-6.672183098352733044e-01
2.042040084694787538e-01
1.349110435112931272e-01
4.393789899913240482e-02
6.685367829626011060e-01
2.295721974683044043e-03
-6.798058017872178338e-01
4.264137908665612819e-01
9.978126498477014605e-01
-7.048819653588874745e-01
-4.066504370220939274e-02
-8.520635707791144320e-01
8.061279706501942033e-02
-6.958866141456893084e-01
-8.917901927171912879e-01
4.913541588008400046e-02
2.347744956811715356e-01
8.377594855124979034e-01
-5.520590987778395409e-01
2.315926889976436809e-01
-8.441097773193768639e-01
-4.085280797219338345e-01
4.444550683789733614e-01
2.789644280804120524e-01
6.164090631009443433e-01
-7.631676350515018692e-01
-1.934176909335719174e-01
