-4.694114314351502393e-02
9.281698879502743305e-01
2.608375340214163281e-03
6.628739064848376827e-01
-7.646311763093580072e-02
-6.746973339786022095e-01
-8.392155911982845939e-01
-5.809717860968640624e-01
5.136577141141123182e-01
-3.631363768561117755e-01
-8.691579331508815232e-01
-7.013157976974787600e-01
-8.727620783789431513e-01
-7.836422364226185433e-01
-2.828272445592597273e-01
-8.265620427063633535e-01
-6.250739322806687648e-01
-9.010140314335454703e-02
8.472783690352608810e-01
-1.022878176276888623e-01
2.723808284929603585e-01
3.489668161676547364e-01
-4.356434575795592457e-01
-6.497297820974713700e-02
9.844104172136129982e-01
-6.122245479585597394e-01
-2.152249450583955392e-01
-1.833114111373451982e-01
-8.932962774165033037e-01
8.887742799729895227e-01
-4.182565448032331545e-01
2.228071689544999442e-02
-8.334434959640503182e-01
-5.534824530666803133e-01
9.962591627423794671e-01
6.390284651978296315e-01
2.671290850872360956e-01
-7.947156799014092055e-02
5.489706206240767550e-01
-1.844599542107573098e-01
-7.714253300639375421e-01
7.296840383799398921e-01
-6.844656510876789834e-01
-3.099657829482877491e-01
-3.323849710565527915e-01
8.226617871640733437e-01
4.161875674349073684e-01
6.272560675559113452e-01
-2.004543669070346923e-01
4.921192655928997017e-01
6.667512243286183304e-01
7.378533274422878208e-01
9.058168496677518888e-01
8.633382908837476943e-01
2.429148306918157973e-01
-2.430320085995742174e-01
-9.781410286777121599e-02
4.354833108988818147e-01
-9.708184515859956398e-02
-1.845009956192462663e-01
-8.845919129203804188e-01
4.918652066106084519e-01
-6.464824995781475181e-01
-7.305494456362094935e-01
-9.491445167197678501e-01
-9.834305071731378467e-01
-3.684382276808348955e-01
9.292873972321485931e-02
3.605238261862223070e-01
1.648649123387359583e-01
4.270320848604417519e-01
-7.683322381525015121e-01
-3.583820907627883190e-01
3.301425467750033760e-01
6.009480999098879561e-01
2.159394389275887394e-01
7.712982506080600098e-01
4.617252089369441315e-01
6.341958812582352278e-01
-2.443687749770092899e-01
4.552168619763266588e-01
-1.913908680972438436e-01
2.027882950480416613e-01
-7.114811707380209738e-01
-6.091849126296152717e-01
5.675901637484924711e-01
-7.692956711179910201e-01
3.084896904422843589e-01
2.820645406728127247e-01
2.013267361185753224e-01
5.699786398260161535e-01
1.376681067797244362e-01
-6.093980736888223726e-01
5.897538074026364985e-01
9.798380769113641531e-01
-6.595642419572121939e-01
-7.685325008951292280e-02
-9.055548834389354207e-01
3.430774269730417492e-02
-6.697646613146229777e-01
-9.215391373070095371e-01
3.678578473909917962e-02
1.732409410118161963e-01
8.942313724407608966e-01
-5.946733242497073135e-01
1.846265332575572071e-01
-7.616088574487779317e-01
-3.593720878296333687e-01
-3.090724926592458219e-02
1.752981288246902858e-01
8.345145804244118448e-01
-7.268550266696031104e-01
-1.918027676856916830e-01
