-3.940591817272957181e-02
9.411079357407153845e-01
1.122977598868370452e-01
6.569267160677882966e-01
-7.005552019401503627e-02
-6.553096063850559760e-01
-8.420695807314172443e-01
-5.957120749452623487e-01
5.107410676256616266e-01
-3.690157622935646975e-01
-8.496080102159520031e-01
-6.936800969680452233e-01
-8.837174465840685889e-01
-7.877792822843509013e-01
-2.701073087709602305e-01
-7.925268793404667278e-01
-6.446625575012709941e-01
-2.490534913107315118e-01
8.538169824554872056e-01
-1.093010947119034265e-01
2.541636505963074111e-01
3.741964398252130564e-01
-4.796157399004422062e-01
-7.613240283164725286e-02
9.764043675841909131e-01
-5.781289782333064453e-01
-2.772270217002760218e-01
-1.835557163497797406e-01
-8.988198128890610983e-01
8.551225540630874589e-01
-4.191886351694507629e-01
2.749948063477569010e-02
-8.432451801024091198e-01
-5.613174561963918396e-01
9.896383359218604570e-01
6.343183639811570407e-01
2.741332364597413029e-01
-9.045198968760442826e-02
5.504656289875125008e-01
-1.970612767967152290e-01
-7.557268715328182562e-01
7.218072252152677448e-01
-6.889604258971632200e-01
-3.131222750342562700e-01
-3.276004197691557707e-01
8.290326389792590511e-01
4.107523250169242135e-01
6.282318470451131454e-01
-2.068447593557598552e-01
4.811844116998361121e-01
6.506259394290431208e-01
7.580245993858111264e-01
9.195466481350483834e-01
8.803254851033256445e-01
2.291527972486906706e-01
-2.373918088311929853e-01
-8.005397844274292352e-02
4.235581555278032928e-01
-9.897897862117997769e-02
-1.829985324072917197e-01
-8.851623334882665617e-01
4.851092903221796981e-01
-6.448921457279722658e-01
-7.315463458755221415e-01
-9.501620777290361586e-01
-9.838616868558520689e-01
-3.753722684691100930e-01
1.085762255344790150e-01
3.628916882399924604e-01
1.629967844483661832e-01
4.255568884787323536e-01
-7.760716639682893048e-01
-3.540507795081591080e-01
3.249456420927493983e-01
5.953966393986418471e-01
2.073107314268455015e-01
7.721879467427483767e-01
4.600393935732532968e-01
6.245683244479108831e-01
-2.515927607903882257e-01
4.489490190641799994e-01
-1.811899297723571500e-01
1.941683464714917817e-01
-7.145190476127456503e-01
-6.045856799329016873e-01
5.675823312921020047e-01
-7.788068830758105854e-01
2.853736945772428757e-01
2.731174478622339641e-01
2.263143836961664379e-01
5.854178630341621004e-01
1.122262712203227347e-01
-5.989143636439460128e-01
5.992246274769614800e-01
9.745472864880235786e-01
-6.470670554590364221e-01
-6.784763561546303112e-02
-8.994459891444018806e-01
1.487538396340019886e-02
-6.869519556808491023e-01
-9.000017547380407823e-01
3.667770504757553868e-02
1.631944635693751700e-01
9.148741887777465109e-01
-5.869776837770688260e-01
1.996447104213588952e-01
-7.918814734095658281e-01
-3.213346747210030774e-01
-5.573497034537180234e-02
1.084526548739677965e-01
8.207666666587587478e-01
-7.079824420268416851e-01
-2.107359151294422306e-01
