-5.344094000832659563e-02
9.352443274706685461e-01
1.016419304329760492e-01
6.803260042261511931e-01
-6.905983975015590748e-02
-6.581865075243851226e-01
-8.445119895530387444e-01
-5.990196239744730589e-01
5.136272781514693575e-01
-3.661158694232320987e-01
-8.575512796303537133e-01
-7.001287960595682369e-01
-8.777767836693273207e-01
-7.834641377908122539e-01
-2.757503001947838595e-01
-8.082896160681191100e-01
-6.482716377724159207e-01
-2.350232123122281414e-01
8.264624394814299446e-01
-1.270362710400561868e-01
2.478334394820449482e-01
3.698583018026674329e-01
-4.847324731014575061e-01
-8.843383940339323568e-02
9.653267818171795689e-01
-5.854997870328754184e-01
-2.798743901975283555e-01
-1.683838785169491092e-01
-8.896663469750115683e-01
8.812846574509465292e-01
-4.230023612946029465e-01
1.338459416436389672e-03
-8.405072119351566506e-01
-5.623962908703663555e-01
9.903978484423358042e-01
6.305986836135383244e-01
2.745100028618742138e-01
-8.934554673548725234e-02
5.491285121594887686e-01
-1.959706401917949425e-01
-7.576018242908241218e-01
7.246500543606916311e-01
-6.873370338352395859e-01
-3.119985482446059888e-01
-3.287759251928070170e-01
8.268377707640518492e-01
4.126432424719245207e-01
6.277147709844356216e-01
-2.039351345906006419e-01
4.843474756938642156e-01
6.432522188584186562e-01
7.587429911529860460e-01
9.224721642724154069e-01
8.841580116735547890e-01
2.262580389387830182e-01
-2.340172399522114921e-01
-7.361341088751789663e-02
4.186551677142148487e-01
-1.073339452116030962e-01
-1.830205947503469877e-01
-8.886583567688258745e-01
4.828038610926042029e-01
-6.467200193744299108e-01
-7.294175676815923826e-01
-9.525301796386073105e-01
-9.834987548945847147e-01
-3.800583085294033103e-01
1.074877669278039294e-01
3.595368860592916271e-01
1.659335919906004264e-01
4.283559100835870326e-01
-7.733409018721307815e-01
-3.570204870551569876e-01
3.278112058669195306e-01
5.981070994685262487e-01
2.095421897249055976e-01
7.694497526071724103e-01
4.657468398758316530e-01
6.269240346680964304e-01
-2.495609062142546963e-01
4.502795634390805990e-01
-1.832706727252767509e-01
1.947215667874214184e-01
-7.150146524799154690e-01
-6.004596044245322783e-01
5.676909440478072888e-01
-7.462693662463795174e-01
2.853413273627921631e-01
2.743752498009854879e-01
2.015794888167165011e-01
5.933232743926207808e-01
9.019726057783185313e-02
-6.205403458818962159e-01
5.873810717350297361e-01
9.820454459423358928e-01
-6.646255910882586937e-01
-6.623605024664463992e-02
-8.973364196449434838e-01
2.817573386260616500e-02
-6.922232184065110205e-01
-8.926488942090587964e-01
4.796437447369751583e-02
1.637977934481694708e-01
9.033985921557609045e-01
-6.033150932385191734e-01
2.048091284627929776e-01
-7.838102771688874038e-01
-3.197946669852125279e-01
-4.656523916310342098e-02
1.381511130872226101e-01
8.058793291603575382e-01
-7.083111848224239449e-01
-1.947543420033022166e-01
