-1.057862297329827256e-01
9.026893158135788076e-01
6.260204349466536033e-02
7.127427724403011533e-01
-7.795243820912541033e-02
-6.905792418257118426e-01
-8.227207413068684527e-01
-5.732064966491011715e-01
5.190903308181448184e-01
-3.574301834032552194e-01
-8.716572916744512733e-01
-7.116231532597232512e-01
-8.719081234003406289e-01
-7.796368242522290215e-01
-3.266336887065523498e-01
-8.403044896338554004e-01
-6.377148444931756144e-01
-2.641492985294571216e-01
7.420389751038721782e-01
-1.226515898274186250e-01
2.497223023192257085e-01
3.664498534009413833e-01
-5.384050981402781488e-01
-8.949923759294643733e-02
8.937149250155153046e-01
-6.052791575010488812e-01
-2.491878474874903715e-01
-1.322425909310023795e-01
-8.803260542902351382e-01
9.142503256785116106e-01
-4.471672601106426170e-01
-2.895882342809560570e-02
-8.362885911359907443e-01
-5.539995504766349610e-01
9.997936501605936277e-01
6.237757766482906474e-01
2.602228868584283705e-01
-7.464940194385900896e-02
5.418470200218440391e-01
-1.797443338291348502e-01
-7.777652042377086739e-01
7.266051382479359333e-01
-6.866617370376131291e-01
-3.126169529122225232e-01
-3.291234193994028723e-01
8.267306357277203199e-01
4.122513854193503025e-01
6.275522681738560093e-01
-2.035571100187606175e-01
4.889308390623625655e-01
6.398545054461556303e-01
7.620027845724129945e-01
9.325900995552284245e-01
8.837066173352944309e-01
2.211018824693142815e-01
-2.245140523617915052e-01
-7.216457900487935340e-02
4.225983162886978728e-01
-1.248536697008149621e-01
-1.813501631234997191e-01
-8.801399035313426378e-01
4.979044800834594442e-01
-6.476790034573045585e-01
-7.420992739047698183e-01
-9.381111309459618797e-01
-9.877623592566661115e-01
-3.659085930947147958e-01
8.692737997886371137e-02
3.600465816727651536e-01
1.618906106648491938e-01
4.256344127982574221e-01
-7.756498210429566553e-01
-3.550112608618250509e-01
3.287753913165020747e-01
5.962257246590545456e-01
2.110748394180354259e-01
7.716114752266194365e-01
4.743379277850498510e-01
6.386156834957658068e-01
-2.415681055162246516e-01
4.607062958441496270e-01
-1.924063471488312305e-01
1.971735785980580635e-01
-7.041192113839266353e-01
-6.002441694246191117e-01
5.630951998070968800e-01
-7.139906297371212407e-01
3.165398777402336217e-01
2.895190156383259383e-01
2.098523105401738365e-01
5.839494351870400113e-01
6.168866448892092874e-02
-5.838485513031224095e-01
5.524288985548103659e-01
9.765775022650262649e-01
-6.657252325807075932e-01
-7.666132369148441483e-02
-9.051224373566328918e-01
3.021432259271423365e-02
-6.891389416586281014e-01
-8.839334367553768335e-01
3.948003227257815967e-02
1.708897162488131338e-01
9.022917034141190173e-01
-5.986438512117092658e-01
2.090747336985312732e-01
-7.747838724589125592e-01
-3.501796737338304655e-01
-3.980908589957925237e-02
1.856849381077500249e-01
7.499393936906212366e-01
-6.955677089918348432e-01
-1.771672409076256727e-01
