-1.181481032904263401e-01
9.324600977195180995e-01
-1.482042810281932778e-02
7.037593044232810513e-01
-9.238417671960787170e-02
-7.024872061580336169e-01
-8.026886045924639390e-01
-5.393246181816185869e-01
5.161287590041844231e-01
-3.523144953992119466e-01
-8.619128753860686443e-01
-7.255731141589458755e-01
-9.021916400976889294e-01
-7.511975546946951798e-01
-3.458771255490320495e-01
-8.623875755435741475e-01
-6.570332530270825977e-01
-1.507303416210742375e-01
7.823854608540822264e-01
-6.355725348964318122e-02
2.502923196276894413e-01
2.956511381792091275e-01
-5.047663265450152981e-01
-5.592230864600918755e-02
9.732245290814005578e-01
-5.340961452520220920e-01
-1.877285169400682574e-01
-1.604407798934757434e-01
-9.022090758713358083e-01
8.996169319441246204e-01
-4.849925719929401025e-01
-8.693146599347983255e-03
-8.256060881933190432e-01
-5.451264782898999073e-01
9.948755769207936472e-01
6.399438923624429787e-01
2.550178353883391646e-01
-6.487063631656882212e-02
5.485340331508428147e-01
-1.612535196416670091e-01
-7.960312788088941272e-01
7.335266183506528037e-01
-6.815110760764878650e-01
-3.115810499943303946e-01
-3.346941901246404671e-01
8.188714462109598635e-01
4.168192983846695787e-01
6.295773819992818154e-01
-2.006216516698301200e-01
5.034826718357534592e-01
6.815014724437695737e-01
7.140601096521245195e-01
8.922789405208738645e-01
8.825541999382290337e-01
2.661334310129390701e-01
-2.467211501966387888e-01
-1.332066634876827027e-01
4.681060482410436263e-01
-9.924388762714023149e-02
-1.761386357525977220e-01
-8.839068592390416645e-01
5.005780754200418459e-01
-6.394925502194339639e-01
-7.334536936266656815e-01
-9.430572996834660771e-01
-9.893883476229931029e-01
-3.534700749443945855e-01
7.915205292149952998e-02
3.513982205845467277e-01
1.680231820298382639e-01
4.263240689615095391e-01
-7.535762077022338801e-01
-3.649134471816520287e-01
3.379073241133777050e-01
6.139366814344343615e-01
2.202965657747691930e-01
7.738870614683354132e-01
4.568241086363701853e-01
6.539997655528335674e-01
-2.317449963214831821e-01
4.700604388384748700e-01
-2.116752373866183368e-01
2.135247703535799180e-01
-6.911059429378734187e-01
-5.985092598039144507e-01
5.641599557980000457e-01
-7.285522024127394358e-01
3.367201790217748125e-01
2.768400369805735228e-01
1.846428992835991989e-01
5.525956281388092473e-01
9.362992173330703105e-02
-6.144225024055470774e-01
5.558804257090282919e-01
9.878574570874714134e-01
-6.728328932290011943e-01
-8.473196806904347012e-02
-9.050068053402238188e-01
4.008793673452443196e-02
-6.706613682390025755e-01
-9.078930383214561806e-01
4.283644803966918380e-02
1.810129494744849299e-01
8.872698683900478445e-01
-6.007933112934846775e-01
1.923321947677062715e-01
-7.897821507001502317e-01
-3.766539919087131816e-01
5.317559448672427164e-02
2.094213791931923418e-01
8.056397335938779714e-01
-6.997044856292711223e-01
-1.596607334759047592e-01
