5.473837350854522388e-01
-8.838090904341660003e-01
2.777528686605208741e-02
-5.340556217703949261e-03
4.305849369753675382e-02
6.357875701377585509e-02
8.133471055980151521e-02
5.648979695880462781e-02
1.182262029331508646e-01
9.391939297983335766e-02
6.199044415137323211e-02
8.495291305614346630e-03
9.729260247303127551e-01
-7.515197306875205374e-01
9.388926561043429153e-01
8.793601309848820494e-04
-2.811986219398712999e-03
-6.688198948882771722e-02
-7.204541678975727274e-03
-1.846016724306418985e-02
-7.889516690037852442e-02
-1.562687300388007280e-02
-3.396585624075429410e-02
-1.727800835842017643e-02
-6.614695950270022690e-03
1.959166103727806585e-01
-9.619541315206679988e-01
-9.730290483526731204e-01
-1.081603694433638102e-02
-1.930995233626294286e-02
-3.246485360193601417e-03
-4.722587289316763220e-02
-3.757716496617315161e-02
-9.364411876214089048e-02
1.137010832669840404e-01
7.286068169742992984e-02
-2.903041136055070290e-03
8.939815641479787953e-03
5.718230585956307621e-01
9.701765946331668555e-01
9.910314996767197737e-01
1.652382545577106912e-02
-6.406801886073177667e-03
-5.116689147926473114e-02
5.662002792701417014e-02
5.453019098948894139e-02
8.366043447721975904e-03
-2.518105732354031928e-02
-5.801256082969616368e-02
1.731516948835219727e-02
-3.993258829333446065e-03
5.856616780469880990e-01
7.643722752335812935e-03
-9.359490707182535063e-01
-5.835502012398521669e-03
1.135168293660276592e-02
-6.935137164121600584e-02
-1.192492014580403131e-01
-1.487816674080606194e-01
-5.605032070153952856e-02
-1.105678044722870484e-01
-7.029375221471279023e-02
-1.271527607096699548e-02
5.939865035065870248e-03
-2.908990021482732793e-02
3.828261065897440446e-02
7.548550118517934407e-03
6.565944307798307067e-01
-8.438541179980191265e-01
7.671541440887826024e-02
7.243897107045266237e-02
8.132086589991061043e-02
-4.687639487703913754e-02
9.790692385019822419e-02
4.948582567597787502e-02
6.683457864356440181e-01
8.531611802455509874e-01
9.409189401346649273e-01
-3.616598444127406414e-02
-1.204658560796210282e-02
-7.860910594250680727e-01
9.260387248628253465e-01
2.549964623522833068e-02
7.973339558484442147e-02
9.005263539771699022e-02
5.558579250497398989e-03
-3.985580312649485146e-03
-4.423196683049019501e-02
-7.495239553069137362e-01
-5.022504451414541160e-01
2.268861168913821891e-01
-1.073015280729634480e-01
-3.203989521729571407e-03
-9.670277795312424152e-01
-9.585375639771221978e-01
8.342465707271974618e-02
9.609241694907545706e-02
6.377271773454225301e-02
2.253167789140110913e-02
5.113269306507382816e-02
3.502421683612602643e-02
-9.516382640152101224e-01
4.499238601324370701e-01
5.917251303797343986e-01
7.540589747922865627e-02
-1.019724626586011873e-03
9.695862803258546991e-01
9.753343857454482846e-01
3.900455230081825708e-02
6.017934928703974617e-02
6.641598519934910350e-02
3.221186547565432681e-03
6.110905075598576514e-02
3.196192386150773640e-02
9.610962347074373247e-01
-8.239900660527259557e-01
6.367630286675440843e-01
1.773035642782708199e-02
-2.658428036525572070e-03
-3.020468205518027187e-03
-9.179339961973734807e-01
-2.608423148831221991e-02
-4.404993309622817071e-02
-6.270958596818741737e-02
-1.285844170612532094e-03
1.515120617205590291e-02
2.117215121971707456e-02
-6.414547912163326253e-03
5.673925168409624797e-01
-2.456396470860448475e-02
-9.905334772290053102e-03
9.488150174832050629e-03
3.126337254705939040e-04
7.724463167227956298e-03
-9.522093018995155811e-01
-2.767944922852784151e-01
6.490205809312461493e-01
-8.515659889260623894e-01
-8.203028865722696850e-01
-3.324014131005327277e-01
5.779145837481831569e-03
-3.963778113737593395e-03
-2.083240695201068332e-02
-6.012267929013417368e-03
1.476025124889852533e-02
5.553028761073551187e-03
-6.288567830046601879e-03
-9.992024182379762864e-01
-7.036803683553098931e-01
5.492791491603551401e-01
-5.530812110276191879e-02
3.066350005292877157e-01
5.891453657840892699e-01
7.953865714342461118e-03
-4.626663484033658250e-03
-4.961971697267242298e-01
-1.456809448298478776e-02
-1.557051259938990739e-02
-2.110926286598562365e-02
1.046532245940889026e-02
-2.465229118279224363e-01
-5.228015624047548382e-01
-8.255217043051795711e-01
-3.679203213429166897e-01
5.423162033942356963e-01
6.701683782265391853e-01
1.155736797553496079e-02
1.490859443696299948e-03
-7.479825718153496616e-01
3.857154427965707455e-02
2.258304349173482356e-02
-5.782820041969795842e-03
-3.911285986572569755e-03
7.940863069506102212e-01
5.741898788595407588e-01
-9.521483647959071428e-01
-3.467986334927537495e-01
2.548001105313371650e-01
-7.278158522905768812e-01
-2.366207942516532561e-02
-1.254909413660949651e-02
-5.169135359466970892e-01
-6.147707281582416583e-02
4.134423997278062241e-04
5.047276941862560706e-02
1.840606680056266001e-02
8.483636198444803878e-01
5.380993559694590145e-01
5.348528261512721649e-01
-7.318813043278913355e-01
7.290197824496776891e-01
-7.487770037734939321e-02
1.519131116517844285e-02
-4.533671907986138935e-03
5.626978547687252474e-01
-4.642902532700530355e-02
-1.665473956042957905e-03
2.120645691728321319e-03
4.913953818985424167e-03
-4.479097420715718036e-01
-4.627866632420234438e-01
-4.702211020886498671e-01
2.229701709691164491e-01
7.263876276861447323e-01
-4.309987011147572433e-01
8.424989005784633972e-03
-5.708299759984282115e-03
7.066222693933033039e-01
-1.016789114762959578e-01
3.890162190858031249e-02
6.385255864595641706e-02
2.601745274512387573e-02
1.146416996228560164e-01
1.372114514591531165e-01
7.395062916402174169e-01
-4.701371268762063460e-01
-8.643268511784016339e-02
1.606504647979676015e-01
3.543561399588594785e-02
-2.160629595703039696e-02
4.970882538035360509e-01
-4.772534256232822264e-02
6.496366073446573075e-02
-3.237811537137730983e-02
-1.383483506606178904e-03
-3.973939805262605152e-01
5.347506502896960667e-02
-1.557945518584436806e-01
6.013904139744626898e-01
-4.293980494573536588e-01
-8.787064334733174498e-02
1.813063609015208230e-02
-3.703037872607543857e-02
2.016266019825559835e-02
3.017734777648899136e-02
-1.772536865607120607e-02
3.667147218596153273e-03
8.053210651779845256e-03
-9.884248492002882802e-01
2.621666647285573748e-01
-3.104623874430793573e-01
2.378034232739124620e-01
-2.526566425644924951e-01
-3.393949944068894720e-01
-1.396608618708850696e-02
1.563080899192138482e-02
-9.762361761151782114e-01
-6.426292652513082571e-02
1.691662939082544739e-02
7.182918256034908494e-03
5.681634987802487019e-03
-4.757139964511269414e-01
-4.353231216193687025e-01
5.283137083818163493e-01
4.632045549384736227e-01
-2.962210074204899568e-01
3.264823527139205650e-01
2.069924055189431913e-02
-2.289293496106729886e-03
8.859968265686608557e-01
7.840012107594083179e-01
-8.230435397847253309e-01
9.432605246659494513e-01
4.078731373551518491e-01
9.140674760045842673e-01
2.427281888334736210e-02
1.718208155039978313e-02
2.023399777248796952e-02
1.309301778675330506e-02
-7.056405505175417092e-03
-1.585081134658159266e-02
-2.083522693949919208e-02
-3.868727651409322940e-03
-2.102955516017562462e-02
3.921648921666708726e-02
9.414450513201676890e-03
2.625767823873137799e-02
-1.218335949305440931e-02
-3.269438306202508693e-02
1.944315152530863913e-02
-5.950400023241364522e-01
9.595107081957245931e-01
8.397320951276341372e-01
9.691262058455513140e-01
3.317516984125634116e-01
-2.649655296322923070e-01
1.000447240010498944e-02
-7.979892645053651701e-03
5.745160068539248302e-04
-4.317328043407977350e-02
1.720995605563763187e-02
2.223482695773694451e-02
2.536321274291536074e-02
-1.887045835993523060e-02
-5.343192461340488808e-02
8.776011103754201292e-02
4.035233888094150873e-02
5.902413381867528674e-02
-2.535311201174481055e-02
-4.951767485467564733e-02
2.292248922692045193e-02
-7.388313389110525709e-01
-9.078313086811937715e-01
-7.709710423998538120e-01
-2.242043464834045097e-01
-9.305360239073396933e-01
7.119066888341620825e-01
-2.327693885769678908e-02
1.158508257983196024e-02
2.169568821408110124e-02
-2.756739957909965996e-02
1.351653213587003348e-02
-7.780208287439646132e-03
5.656671416529445579e-02
8.786406540514622721e-02
4.173331261499235029e-02
-1.097090301397747880e-01
4.753727789054047748e-02
-9.205553741510387467e-02
-2.122061005963728816e-03
5.483046972036677985e-02
-2.981525773905861418e-02
8.203365182267724487e-01
-6.713583253600917677e-01
-8.726018683536066467e-01
-7.322269258751911147e-01
-8.164750884183726853e-01
-7.168183848005010850e-01
4.379446634587651210e-02
1.722408068062475719e-02
3.714547449012547964e-02
1.926954885705528184e-02
-2.657355817758412335e-03
-6.499871293260368887e-02
-2.600998330625254804e-02
-6.535092818547059978e-02
-6.674142236358919511e-02
8.327541838835393617e-02
1.764300025823454729e-02
6.791891330911221936e-02
-1.777714701277514561e-02
-7.219320272674994987e-02
4.803083101954972595e-02
-7.225911244976130909e-01
4.860904597489900669e-01
3.332808824449977059e-01
4.642649380091015687e-01
8.236523170911816405e-02
3.876513528405405307e-01
9.883115834088329263e-04
1.830633943061111320e-03
2.215450593388621978e-03
-6.567767467081011418e-04
-1.933996161608244257e-04
-3.363882708356746420e-03
-3.881462385085380270e-04
-2.315652046138416513e-03
-2.493515259963972192e-03
1.888488045826949673e-03
1.422279667377644935e-03
1.543280558419475113e-03
-9.759491260638433681e-06
-1.939684444227743896e-03
1.441190425993977686e-03
8.525705447369220646e-01
1.248214172036789639e-03
-6.846357451650044584e-03
-4.289223388800425009e-03
-1.889080321770328363e-02
-9.064700546313527590e-03
7.491623865983475516e-01
-8.248524293436910737e-01
9.309895519976179035e-01
3.923501451387307881e-01
9.270795037674853800e-01
1.168435636339938341e-02
-1.445847579253397089e-02
-1.050840125812729439e-02
3.360716808536721653e-03
3.428404590513702693e-02
-8.355034060289093061e-04
1.874926209364533372e-02
-1.934415689312966868e-02
-6.120922956357291965e-03
-1.134921283856536560e-02
-6.432661708499587405e-01
-1.178450105982204593e-02
4.834010111853129232e-02
4.172015553064573057e-02
-5.171600924241525482e-02
-2.525208232646786524e-02
9.638852963176272048e-01
8.696907148084613848e-01
9.588977658976222118e-01
3.717241597801815844e-01
-2.636125236998304588e-01
4.949973434479700701e-02
-6.477053049106958060e-02
-3.532670486926797054e-02
-4.587019990200708226e-03
9.940753420122702688e-02
-3.125989327199030221e-02
7.577677595094828300e-02
-2.126000608488972515e-02
-3.575983095669350159e-02
1.515332945612550379e-02
-7.343684229252873674e-01
-1.188190318055745709e-02
1.883850819670393820e-02
1.275990874923728022e-02
-2.366560535607373260e-04
1.463484551534322345e-02
-9.190979535672767486e-01
-7.412829541008832956e-01
-2.423811189170519687e-01
-9.428985569659626975e-01
6.492966094969933044e-01
-1.863676853760548938e-02
3.186445091955079217e-02
3.225564304303089880e-02
1.096674335541368388e-02
-6.744750308578544018e-02
2.315427265733455836e-02
-4.816449803222342535e-02
1.417751267424507966e-02
3.899769371141480201e-02
-6.633375116282245500e-03
8.302638088753175882e-01
7.047431444432916085e-04
7.513921794290135195e-03
7.477803477552670899e-03
-8.776417379468264002e-03
-2.721997031139069059e-03
-7.075736311902144360e-01
-8.439448989659298350e-01
-7.251855624784009358e-01
-8.131983602011885193e-01
-6.908784437848523030e-01
3.221684418475956411e-03
-2.861026578053997484e-03
-9.582043479939805070e-03
-1.171408979364539291e-02
2.030760016118061950e-02
-7.741399215602080830e-03
1.857342849838909682e-02
-7.040185046714042159e-04
-1.106512599520102086e-02
7.151524819985536317e-03
-7.744350174169746248e-01
-7.980975325192018023e-04
-5.121300637550747509e-04
-1.168617367215400498e-03
-5.756480654644742295e-04
-5.268991978131601101e-04
4.827214752558223743e-01
3.372897005101480050e-01
4.678404990614866699e-01
8.017239906056600196e-02
3.882288245767787083e-01
-1.859029259735927968e-03
1.125235206881145499e-03
-1.845816522667408500e-04
2.531557849036295297e-04
-9.987328017968426837e-04
9.144625737491141374e-05
-6.535178822211039481e-04
2.056973104577488297e-04
-4.291517392550879290e-05
-9.334779146600545585e-04
8.492783673221098173e-01
8.911508098642372542e-04
2.007311764188389122e-02
1.551272281196686489e-02
2.400154640444916113e-03
-6.870304953653967248e-03
6.069101273824067944e-03
-5.208456151323041967e-03
-4.066055318781605339e-04
1.231275950824517289e-02
1.668059303211358530e-03
-4.631252505239065731e-01
-6.990962830351805657e-01
9.628977389763876404e-01
-3.442825038439266128e-01
-6.802591357346056133e-01
-1.616209673659881607e-01
-4.201865971777320463e-01
-4.024045306396551586e-02
6.746438502844800400e-01
-3.504136231359973597e-02
-6.767825115784815715e-01
3.173765907108284240e-02
-5.073905991924283071e-02
-3.434578816788579070e-02
5.686151352150727728e-02
5.789663605438206094e-03
5.667477701625824732e-02
4.314898650935392044e-02
5.745262655472783975e-02
-3.395609065004810689e-02
8.178771737309810039e-03
6.775999786432528038e-02
-1.255608167930467589e-01
2.582127828067767861e-01
-8.888041375324806648e-01
7.289138601285573005e-01
1.611609728536610719e-01
9.333052834602911796e-01
-3.444302204043536153e-01
2.763972543006883165e-02
8.350943048347725384e-01
3.207651588754891203e-01
-1.536499839319089428e-02
2.079930177591192419e-02
1.234538554971289712e-02
-1.535763176018258187e-02
-1.193680525014997017e-02
-4.725630261812386636e-03
-1.288438293180803849e-02
-2.055243536837460944e-02
5.803871850977186664e-03
-2.344810642705845265e-03
3.832727872585432044e-02
4.405945585029654721e-01
-6.456021334162015402e-01
9.514245173452609006e-01
-9.591917089611706748e-01
7.526432050186083744e-01
1.354367450362658210e-01
-2.046563636989874035e-01
7.388229857154970937e-01
2.668173237208357196e-01
-5.376979144146824818e-02
2.344427799028254294e-02
-4.426599181804597577e-02
-3.782400173508030511e-02
1.282828845849794466e-02
-6.163561278199726837e-03
1.529181679854686553e-03
1.512477423112082268e-02
1.650290509769573172e-02
-3.323350290768759679e-02
2.634244170564912883e-03
-5.604972142585744610e-01
1.295866363758986228e-01
-1.290838347183044243e-01
-5.102517864302117401e-01
-5.079449389809149729e-01
-4.004111123152028634e-02
-9.343429117645632997e-01
-3.296525735627220954e-01
7.061003511681579470e-01
-4.775772471426174143e-02
7.818944107667123999e-01
1.388221560454195973e-02
4.696359076511330902e-03
8.163344944051662694e-03
-7.559650462449847737e-03
-1.190049427234312479e-02
1.326923331726853617e-02
-3.239599408572351857e-03
5.672325262197673058e-03
1.219608521562767604e-02
8.314733536685246144e-05
-6.759819172929033559e-01
-8.748501712123053498e-01
8.620231766144905716e-01
6.556653768776000701e-01
1.558860980286644604e-01
3.318525959904728428e-01
6.695366949606882390e-01
6.938201907980346972e-01
-6.155724934489437139e-01
5.114977928895867443e-01
-4.717391579751342712e-01
2.550134073031946197e-02
-4.609676766890141719e-02
8.730798010549675400e-03
-7.635168274324462268e-02
1.448896327806332464e-02
2.060045317506386045e-02
-2.361107445355278139e-02
-1.101744639853940479e-02
-2.453220446923025377e-02
6.186831810951769553e-03
-4.008520847133410503e-01
-9.316196834740407828e-01
8.160628316132103599e-01
-6.175131720861912754e-01
9.869118857784527077e-02
3.572183747124795805e-01
-4.073024958153429465e-01
-4.630392787870807880e-01
7.338220208827578306e-01
3.213770787322188238e-01
6.307527047640819617e-01
5.034041676855956216e-03
-1.525734536815093190e-02
-2.839869484298129451e-02
3.947492145774914030e-02
1.534852786461370945e-02
-2.258175126554867393e-02
1.504269059078227472e-02
1.477550614759249106e-02
-1.127486764457901955e-02
3.063852403180374225e-03
6.008387637391355840e-01
-4.710287551936890443e-02
4.700308156106304536e-02
9.616286488599552484e-01
6.150187899793714275e-01
-7.493576465896500949e-01
-4.448658251334818292e-01
6.364729825903818750e-01
-7.075177925932982781e-01
-7.673550666543217380e-01
6.552721156735383801e-01
-5.742358694298093508e-02
1.655383734775520838e-02
-7.075295579977063445e-03
-1.442110942492403833e-02
2.160519994757625906e-02
-7.890634644959024224e-02
-3.071137049705563275e-03
-3.784783514982523189e-02
-1.180531497993075711e-02
-1.445194548975375567e-02
5.305802925284184429e-02
-3.548369215714282654e-01
6.009114116391838234e-01
-4.769379671719896074e-01
4.377269353035814770e-01
8.059905710046338934e-01
-6.019026563602519753e-01
5.583003555726903100e-01
-4.025577629956569314e-01
4.377815922985678898e-01
-8.735626573000790929e-01
-5.185527864661478026e-02
2.381369319640861890e-02
-1.763645695839161087e-02
9.000903548013161962e-03
1.461035622854936836e-02
-4.571280316613044598e-02
1.438994206944798140e-02
-4.803708898172158459e-03
8.195836502136993190e-03
-1.585744407921922672e-02
-4.731577711308432299e-01
-4.698900483326460265e-01
6.238698408193753542e-01
8.053690128954422711e-01
1.820955512112576447e-01
7.719307145020489758e-01
8.727611103380674695e-01
7.914392788888576780e-01
2.837680808349417605e-01
6.047166897170699329e-01
1.154197560548275436e-01
4.922337048854712530e-03
-6.373670266554837781e-03
-7.509654307135931427e-03
9.956111347416753479e-03
5.012772791523496460e-03
1.957243902874050701e-03
1.676128320313357775e-02
1.914587256392392273e-02
1.404150700738681984e-03
-3.351488415980933416e-03
4.094034768593599050e-01
1.571862110886066422e-01
1.082680714705997610e-01
2.335631354035671847e-01
-9.967189601537799204e-01
-1.618408813842460436e-01
6.650719085865526292e-01
1.586035294969304343e-01
8.275946121623004581e-01
-8.451255204216067130e-01
7.896862452746581384e-01
-1.034675076904334884e-01
-4.088216088691757344e-01
3.114027806386516217e-01
-4.984826938177531197e-01
2.819632311441460596e-03
-1.668749308926794905e-01
-4.073536905082048021e-01
2.724957695887132991e-01
-3.923569942621660256e-01
-9.477802418789394237e-03
-1.129574246521748981e-01
8.522220604177412895e-01
-6.507940523368750674e-02
-2.011279313252801737e-01
-2.226841369563507533e-01
-3.792891350721963040e-01
3.962580680420618173e-01
5.175332237363542420e-01
5.304923391967758528e-01
2.649503570062568536e-01
4.853643029250522822e-01
