7.502497661877561841e-01
-8.706982443574123876e-01
9.771134607662755947e-03
-7.011755399367838003e-03
-1.834065210540706051e-02
-1.513987214111416936e-02
2.671924118501628129e-02
1.362104656904031957e-02
4.228303079456390695e-02
-1.228988348248772657e-02
-6.014874936166537435e-03
3.432970765735642027e-03
9.687010478611454145e-01
-7.767927817187580963e-01
9.197001767068171407e-01
3.072768837425721676e-03
-5.333297936622849022e-04
-7.430847624428008405e-03
4.277284237121223819e-03
-1.960773477938821188e-03
-3.777176242564081465e-02
1.623197520964314230e-02
-7.707512044364154408e-03
-7.937845329439894432e-03
-3.714029150347661172e-04
2.938310017112660821e-01
-9.956251763667675059e-01
-9.345932491167868728e-01
-6.201945608662885225e-03
-1.997073083240801655e-02
3.097647362623183465e-02
-1.869586005081209923e-02
1.274694634137538488e-02
-5.467259419810186621e-02
6.435411189740976312e-02
2.932151154976601892e-03
6.349035526843812768e-03
-7.776059500823744551e-03
6.424814949072016335e-01
9.981169695638841821e-01
9.592071280508097653e-01
1.124595154490534536e-02
-3.250367560971906180e-03
-2.916072519152272322e-02
2.145076855707890237e-02
3.001380859770164805e-02
1.764066874805162929e-02
6.954698274170056926e-03
-4.191080378591945793e-02
1.320408707349812923e-02
1.247475866742418088e-02
6.482632630992415379e-01
2.259235820872975906e-02
-9.158015254383046200e-01
-6.368653584321854952e-03
6.509271148913445444e-03
-1.643476775337322782e-02
-1.473795041831136611e-02
-6.942017060849935139e-02
1.844312737556241116e-02
-1.647579681514708266e-02
3.368158282037105045e-02
-1.920326292718805075e-02
1.076765875921283783e-03
2.418604503333995556e-02
-5.679627215367087645e-02
1.503739088631289404e-02
6.654043067667040345e-01
-8.435506694468167810e-01
4.729112030933903255e-02
2.867818733048478619e-02
5.501784898097056287e-02
-7.490424683370763836e-02
3.323034357113881926e-02
-2.938326671829084510e-02
7.003282235070360517e-01
8.497899339811885167e-01
9.345027590206432810e-01
-3.944810450448968039e-03
-2.532347794234393948e-02
-7.897016321571918018e-01
9.267116327943236698e-01
4.185095415211236708e-03
2.629825839988460257e-02
4.663363919127428564e-02
-1.944311722535837020e-02
-8.227163142313483057e-03
-6.002941686761332357e-02
-7.586008356907900652e-01
-4.971306875328106445e-01
2.232214139412477816e-01
6.101677018838110554e-03
-1.060148556094626590e-02
-9.766316702656326898e-01
-9.578791099311767532e-01
4.175834310498192925e-02
2.375252273393176766e-02
1.859077178065537961e-02
-5.715720929051315569e-03
7.590730956899629372e-03
-3.875951230228740635e-02
-9.891616887710059647e-01
4.520896116824887345e-01
5.921121100257068504e-01
-2.620122469875526411e-02
-2.000160563066767216e-03
9.778170088013246053e-01
9.761902154353310213e-01
1.245761770987912319e-02
9.612161127898966734e-03
2.939798489040344742e-02
-3.177030280165503429e-02
1.388704123590456772e-02
-2.547143220584652257e-02
9.963050390764648379e-01
-8.241953752449499015e-01
6.292210378422118389e-01
1.148753170555829109e-02
7.120565851017510509e-03
-1.138158656682617797e-03
-9.181977103948325558e-01
-1.400787402988011403e-02
-1.584786471180132938e-02
-3.461572335952935869e-02
1.485365992810362343e-02
6.119894902276612654e-04
7.996259807067255393e-03
-5.754370743932174515e-03
5.632275483008695183e-01
-1.253381541923907078e-02
-9.323883713123827174e-03
1.082951616491617183e-02
1.133782579886754563e-03
7.463642261109793875e-03
-9.702588944316455910e-01
-3.081910995499173578e-01
6.067184865313250963e-01
-8.756724649733519383e-01
-8.363410222696414653e-01
-3.381573533996121150e-01
4.788941551580436391e-03
-3.652800659512859573e-03
-7.639549619427980776e-02
-1.735385762126154946e-02
1.030106391499466256e-02
8.395272523362244665e-03
-6.002616140039774596e-03
-9.548933756104512893e-01
-6.602858818008414676e-01
5.729317923364245502e-01
-1.351535652725034502e-02
3.525145917710529320e-01
6.541407328769449636e-01
1.026305743394993232e-02
-2.351722241380087459e-03
-4.773796237819024069e-01
3.067413069217492239e-02
-1.511564200773446442e-03
-2.603958859960670003e-02
9.121759658573867433e-03
-2.976259017316797428e-01
-5.177211830845859231e-01
-8.218492292923753606e-01
-4.005494823193015419e-01
4.959611702217627816e-01
6.247053623341720652e-01
-5.201077631733591784e-03
-4.077092844799385003e-03
-7.884230025458727198e-01
-2.954773402513796374e-02
5.107803780927312569e-03
2.724726328515516671e-03
-4.946614824557270772e-03
7.395936631532267214e-01
5.600592209763273210e-01
-9.989961251802556008e-01
-3.868228614129473053e-01
3.142713254251020549e-01
-6.504732212854856810e-01
-2.950560137159487619e-04
-2.755061158370152117e-03
-5.854435475924557597e-01
-5.073274633736863520e-02
5.355717071380695481e-04
4.936530856641481446e-02
1.831655024160993434e-02
8.295390245935716500e-01
5.276138787185523649e-01
5.183385065080303722e-01
-7.512637825698590399e-01
7.137209134100603869e-01
-8.323315667995177802e-02
1.119065409060676121e-02
-4.524440458643180958e-03
5.328322375030355440e-01
7.897104223343021437e-03
-1.767008624055745481e-03
-5.406985655989550443e-03
4.684591306084466035e-03
-3.824961504431981241e-01
-3.733882898945028450e-01
-3.908741747981070991e-01
2.855936856794795142e-01
7.836707425512902114e-01
-3.655245864685173762e-01
-9.702150558691830309e-03
-5.445801480109488737e-03
7.647375273396374018e-01
-9.149616704324836647e-02
2.539787315264661893e-02
6.450143233832446310e-02
2.622842878449500523e-02
1.439293315784669069e-01
1.495936768037716413e-01
7.367551501244693490e-01
-4.547368136753056622e-01
-5.959745015866467488e-02
2.002311867842687665e-01
3.128413376517521355e-02
-1.547886751882633118e-02
5.176204223629879975e-01
-6.203611884574013885e-02
3.010954801474834824e-02
-3.346658090254720636e-02
-7.138702714262620212e-04
-3.048333871043341081e-01
2.392902940800372968e-01
-2.766741506035738304e-02
6.859064108541217397e-01
-1.803156198856123993e-01
2.108680192503738227e-01
2.404579582935867724e-02
-1.997815005574107849e-02
1.484884579482911512e-02
2.505277494550440728e-02
-1.549857473410210136e-02
4.073452140583079008e-03
7.746419213254414175e-03
-9.789656852458032965e-01
2.788548908907903523e-01
-2.861806129607377680e-01
2.525632312387727785e-01
-2.479419400407981422e-01
-3.446800894692829131e-01
-1.228413579708970658e-02
1.441736218375203223e-02
-9.380501288243787705e-01
-3.459033308416620267e-02
1.422228972673425691e-02
4.087857863077694678e-03
5.891312428733354485e-03
-4.601123275070259644e-01
-4.217966008028756764e-01
5.403398972347872586e-01
4.697951871414502434e-01
-3.045864461697145864e-01
3.208522948282260812e-01
1.011120335863320736e-02
-1.392039078576741548e-03
9.067180649155002214e-01
7.798943615943393359e-01
-7.996936755489587600e-01
9.615516651670006354e-01
4.178291873795585976e-01
9.237333160347174221e-01
1.976221776785210341e-02
1.104193521379940451e-02
1.171066493322960554e-02
2.091919907281984334e-02
-4.882900041455130909e-03
1.229169271702888928e-02
-1.597424171783623850e-02
2.114374784973765617e-02
3.102170465882988018e-03
2.291138269954162004e-02
1.698061117718202562e-02
3.917265205617656218e-03
-1.021256535777841264e-02
-1.908536453960739052e-02
1.132098031743298747e-02
-6.029764187087434113e-01
9.829909849871351080e-01
8.960850806939919533e-01
9.840282929054789962e-01
3.575004992779168278e-01
-2.579366064242484824e-01
1.116803850833637118e-02
-5.688360232854339921e-03
1.615301309399764899e-03
-1.150625234831935406e-02
1.019921555161182325e-02
4.586729928198875206e-02
1.037999541041131901e-02
1.120996754236483137e-02
-1.796136883189129382e-02
8.073165766233442175e-02
1.657910255208386655e-02
4.802396537610607863e-02
-1.483937739276345973e-02
-4.031510506150812190e-02
1.759431615402768864e-02
-7.397340729876497045e-01
-9.228235796894248555e-01
-7.675054127958330641e-01
-2.612741872749353433e-01
-9.329735456646368608e-01
6.541649815257106759e-01
5.096124275750090783e-03
2.544131766376838549e-02
3.967255238988239008e-02
-1.560780040260002256e-02
-1.984575081848812211e-05
-7.271052301841481047e-02
1.773545222547147013e-02
-5.720733978404867089e-03
-1.479994628194899499e-02
-6.261443725368712188e-02
1.461105607628923261e-02
-2.748509909032493051e-02
2.264111297284130894e-02
5.620625294237310485e-03
1.065819428492040255e-02
8.645566316163684206e-01
-7.188292443637515072e-01
-8.372582408742216264e-01
-7.196111780430626270e-01
-8.283498558719917249e-01
-6.900526553297577914e-01
-6.704994679799874090e-03
-6.991684471227484730e-03
-1.039630846477778564e-02
-2.896243957939885027e-04
1.522556378107861315e-04
1.023407120879522673e-02
5.074171472384488013e-03
-1.601834435304878195e-03
-5.998931637025105968e-05
1.406420270207888595e-02
-8.348889741613751275e-03
1.014435997569152967e-02
-4.456357668551893733e-03
-2.009279001692937123e-03
-5.952027130171269088e-03
-7.926603220618638757e-01
4.841068043012701216e-01
3.373161924238157194e-01
4.663987526208749346e-01
8.120768703477787565e-02
3.883111442684687997e-01
-9.132684908039202494e-04
1.562322039119063127e-04
-2.098488889245806734e-04
-3.269604539836399064e-04
-1.810397388402907866e-04
-7.087295500402140697e-04
1.463966696387669457e-03
1.112191414102854008e-03
4.757519920973195043e-04
-9.557992919489942917e-04
-7.828731376491229049e-04
-9.224699961763988378e-04
5.123139023223521708e-04
1.316655829410602390e-03
-1.017797140562009270e-03
8.492810939463185660e-01
1.244698926772281819e-02
1.494788526799529366e-02
1.025458042718587273e-02
6.051511272802476279e-05
-3.409341766034801324e-03
7.509996249435580973e-01
-8.229407858654487207e-01
9.326957105236881596e-01
4.058343199608542839e-01
9.260268552209867110e-01
2.616376092232989073e-02
-1.441147107559629346e-02
1.149110519774372910e-03
1.693819905865807593e-02
3.091240443949651653e-02
-1.410386052620536256e-04
1.028197076218618708e-02
-1.563066670010452436e-02
-2.052486108613417806e-03
-1.148131449923824390e-02
-6.422882044862907591e-01
2.006558547525623751e-02
3.430529430535815549e-02
3.907090698985350025e-02
-1.591733938684054828e-02
-4.706282303695700532e-03
9.525801548767409699e-01
8.787520077066498514e-01
9.681666173831552369e-01
3.634924847644304680e-01
-2.575773461779201079e-01
8.083126859685686727e-02
-4.613414453094312473e-02
2.449189800151486789e-04
1.652931948373661045e-02
8.414858129276898968e-02
-9.107666062982485919e-03
4.920060369954727675e-02
-3.796903691208685511e-02
-1.833013241890597833e-02
2.564025208868957444e-03
-7.463685125728097836e-01
-1.727799045001317951e-02
-9.923421998597099086e-03
-2.221845563688163230e-02
4.001082185470450185e-03
-7.623074209272107755e-04
-9.172400573357726294e-01
-7.302525628637922539e-01
-2.339249925609013792e-01
-9.552297582132296405e-01
6.463216881635206468e-01
-4.349771661945416035e-02
1.779221780347012630e-02
-5.646578745572452054e-03
-1.061840885795910759e-02
-5.384906539792919805e-02
5.619151031634465193e-03
-2.765844408009323491e-02
2.218512010355506991e-02
2.472527749100730116e-02
3.436712909473751271e-03
8.402771176652209517e-01
2.493670744230603274e-03
4.973639259620157155e-03
5.402028519943287768e-03
-4.065531021779440930e-03
-1.141679094685496711e-04
-7.110174443396284349e-01
-8.429398616415864076e-01
-7.252939751553112435e-01
-8.158211474130693253e-01
-6.900407566742176035e-01
9.066060357474179515e-03
3.144237700804443803e-04
-3.719995460718192575e-03
-7.359226145838901681e-03
1.602195094247299209e-02
-6.320663137264176390e-03
1.352348487707513182e-02
-2.905054233009315631e-03
-6.611527007387082988e-03
3.721824569344641623e-03
-7.784187148313693738e-01
3.878801739069358284e-05
-1.090648771816949379e-03
-1.567579376952957931e-03
8.209162071706097540e-04
7.276598251894085241e-05
4.823337965668719196e-01
3.376667241194788449e-01
4.680983407209853286e-01
7.984667234023248850e-02
3.883497143274551866e-01
-1.498514309924561328e-03
1.688597282660577034e-03
6.194335370309194799e-04
7.443498944509238614e-04
-1.269917747347763500e-03
2.788442119942138387e-04
-1.251796784172710822e-03
2.405623863871045678e-04
3.658475773168770660e-04
-1.251981312064020775e-03
8.489599414978203917e-01
4.730436274076359887e-03
2.131113382567299125e-02
1.795992789105196191e-02
3.302499772794084774e-03
-6.500694836164576385e-03
8.755643335819318987e-03
-4.730376865207047178e-03
1.847770163581437339e-03
1.481278430471590253e-02
1.681854562883154571e-03
-4.657612908988798539e-01
-7.017927713321097105e-01
9.627597773796846559e-01
-3.447507271375390703e-01
-6.771798697799066291e-01
-1.593227298086915267e-01
-4.189507644094587757e-01
-4.096790250618523310e-02
6.715622561304844806e-01
-3.305281548880745907e-02
-6.735285342514097939e-01
2.673572099827369736e-02
-5.307773647079070539e-02
-3.638509432037575347e-02
5.509930198532717732e-02
6.052115209411392145e-03
5.474337576354630641e-02
4.226858551790922680e-02
5.528167223862789220e-02
-3.712733304635150444e-02
8.629694861290719554e-03
6.896992647421125444e-02
-1.242665332568396730e-01
2.583574391775526058e-01
-8.868960954677337361e-01
7.265554657171213737e-01
1.574920731208959146e-01
9.326727250649889944e-01
-3.453524392861615500e-01
2.965712200395664508e-02
8.322659815974523534e-01
3.182800848969407070e-01
-9.564417430042949572e-03
2.554153712045124577e-02
1.859105103976118820e-02
-1.340736799201016488e-02
-1.208957465011837977e-02
7.824344925913754960e-04
-1.225443923658683584e-02
-1.751103169099565288e-02
1.140925267252025123e-02
-2.651848064795832381e-03
3.718728495367581988e-02
4.407932302378125833e-01
-6.488220327570627388e-01
9.472699051646211732e-01
-9.542095219349048252e-01
7.585611382428177896e-01
1.390644178761731020e-01
-2.039549528758987096e-01
7.338535423081110620e-01
2.720500303710656209e-01
-4.711897223469615342e-02
4.138802611803484022e-02
-1.605407117091318253e-02
-1.092930579678335484e-02
3.315517337050388064e-02
4.177050528927258623e-03
9.419462624038598547e-03
1.485944334880007732e-02
2.073980008683730739e-02
-1.302145174263151170e-02
3.264703614484068105e-03
-5.488262107097942044e-01
1.302291108849597812e-01
-1.047524644115166437e-01
-4.931032788392620270e-01
-5.080625647595512495e-01
-1.822551684796052882e-02
-9.485039802550760957e-01
-3.296608940204636684e-01
7.046525523604482144e-01
-4.484636212669322608e-02
7.896153941464423287e-01
8.154158468734169427e-03
3.099028885527890451e-02
3.344389423426381847e-02
-6.957750906995147783e-03
-7.085223616155675828e-03
1.741088399455517632e-02
-8.463145296837379372e-03
-1.530179616189314201e-03
2.454218776376171710e-02
-1.010610769169788953e-03
-6.601670634469464227e-01
-8.620548045697482564e-01
8.649834337856161515e-01
6.583248223951565503e-01
1.539138129212028194e-01
3.422138727505761868e-01
6.682342467840280964e-01
7.013180494801006803e-01
-6.129297104322464218e-01
5.140107874641932639e-01
-4.693064583548540725e-01
4.248475500655170961e-02
-3.672126037537380011e-02
-1.446374706551748976e-02
5.262432606775088555e-03
2.190173493902808355e-02
3.445229576002465949e-04
-2.167461462445513607e-03
-7.501360905188651784e-03
-2.366911561864866800e-02
5.160977678553672204e-03
-3.330397700591463672e-01
-9.094285936570942752e-01
8.478973740750850308e-01
-5.837880725115083269e-01
6.588874082583257019e-02
3.568757691865695469e-01
-4.421690921421052023e-01
-4.612587611811528876e-01
7.670076374655535600e-01
3.087767581908490988e-01
6.127943444196151113e-01
-4.786064305693771975e-02
-1.223334518618941422e-02
-2.886763974535803620e-02
-2.859953636240116295e-02
-1.543964301646054806e-03
-3.673631409505945244e-02
-8.836842940480338707e-03
-1.593946144806522927e-02
-2.770958631342242476e-02
2.085349673520833520e-03
5.982273490464335985e-01
-1.445116228320985491e-02
3.088707093864905689e-02
9.355147851013740912e-01
6.013580917082048671e-01
-7.515839761933286178e-01
-4.370819404759809235e-01
6.382766125614991459e-01
-6.920326506170191294e-01
-7.739853815549798677e-01
6.322412897656586317e-01
-9.211045715497974407e-02
-3.606765085739156024e-02
-6.549373224350958644e-02
-4.910385092178239791e-02
-6.337233721327165809e-03
-8.583664282747681396e-02
3.662034663186446940e-03
-4.026744681369519990e-02
-4.299138282790680721e-02
-2.071531685604121459e-02
1.345627656951505456e-02
-3.716843874660006319e-01
5.358598516362197417e-01
-5.247782089789950755e-01
4.510981535840182244e-01
7.554814008213016630e-01
-5.596432298993136989e-01
5.679274057477279314e-01
-4.133840478766955262e-01
4.450541379406220410e-01
-8.764658361499173544e-01
-3.393463165839623319e-02
-8.419662083170284528e-03
-3.396977636131996714e-02
-7.706894752936165396e-03
-5.204618448507406826e-03
-2.459589193128699017e-02
2.089859931649306821e-02
1.826628313026206624e-02
8.388015042667987600e-03
-1.515906892657431504e-02
-5.251571729322817017e-01
-4.913845140830555569e-01
5.925164564654959998e-01
7.749502527242070338e-01
2.122462116908342689e-01
7.685468305238326581e-01
8.992906078620601651e-01
7.679924717789212707e-01
2.516201086426097522e-01
6.232665753731041480e-01
1.419068719812035528e-01
-3.864979644594201957e-03
-1.097739795165699958e-02
-1.381229912303781442e-02
3.799124890104918235e-03
3.745548257180950601e-03
-3.912030411793061824e-03
1.428061755318975508e-02
1.456152806188424839e-02
-5.390491832184212892e-03
-2.835936419239707459e-03
4.084593615396103772e-01
1.597777249929001331e-01
1.112914067926229905e-01
2.365666881554995549e-01
-9.995980911596848983e-01
-1.658067348919720629e-01
6.607669677072897096e-01
1.569087631609939471e-01
8.326637656749468208e-01
-8.508303891508803840e-01
7.823587063909809292e-01
-2.542800710223864225e-01
-6.677417959865469266e-01
4.638108674021760858e-01
-3.538262319686150681e-01
-6.539241445241122941e-02
-2.036889991704368408e-01
-4.501292618426612768e-01
3.236598368562911832e-01
-3.725835945614111022e-01
-3.089249651363403654e-02
-1.151623678363769832e-01
8.393069928921984557e-01
-9.371364566769947724e-02
-2.008797837988270663e-01
-2.129082305810899300e-01
-4.019451597380361285e-01
2.458356551717656435e-01
4.295725301303297550e-01
4.904681043610075730e-01
2.631642061305870528e-01
4.709877461759804373e-01
