-1.958701966523537508e-01
-1.038655986496700850e-01
5.232452683355010015e-01
2.943185181824920504e-01
2.107917922102124642e-01
2.570345891284999892e-02
4.079860824808833053e-01
2.553867039787037219e-01
-8.668237141797698886e-01
-3.931996915447022456e-01
-1.123641123253351776e-01
-8.173092667824720658e-01
-1.892480645683302098e-01
-8.383981956648421940e-01
-2.408153503415309815e-01
-4.574198542873903484e-01
-8.229077473567953938e-01
4.334953844568910641e-01
-5.424158403515901838e-01
-3.776588503351708259e-01
6.270235414930711570e-01
1.473500931710548523e-01
1.764506116075410802e-01
7.482851920370600478e-03
-3.967645051851299010e-01
6.448430113995184954e-01
4.345401218650052355e-02
-1.080993145756773688e-01
2.909213917395936932e-01
-5.400791151311787885e-01
-6.430802727843630828e-01
2.027682415566537180e-02
-1.941763237546912102e-01
-2.904926506751832616e-01
-6.416217117794904834e-02
-2.414818699847623984e-01
-3.128475709326817844e-01
4.267605910255395929e-01
-1.022166190912300598e-01
-3.874226023536709862e-01
-4.565607728399428966e-01
4.444277730970095375e-01
-2.120207809877337757e-02
-8.490251533780888982e-02
9.268097327365201199e-01
-3.519985632354893368e-01
9.446245784222688791e-01
-2.726192984348481119e-01
-4.437163374303841890e-01
-6.460894639272383166e-01
-8.139971052197807894e-03
-9.830699074613815647e-01
-3.274177529087360372e-01
-6.345779942041347432e-01
-3.090275812282538559e-01
-6.040799218558370320e-01
-2.103141328506833718e-01
-4.579246803686644607e-01
6.307765853016032986e-01
3.870161705279375197e-01
8.029969684166037291e-01
-4.239344560633679371e-01
4.822014075659379895e-01
1.104950875675288491e-01
-1.421551428642718051e-01
5.149177050455926441e-01
-1.557621396157959082e-01
8.935072330982042621e-02
1.243152475929787913e-02
-4.890412403361025784e-01
-2.930827837901801014e-01
-1.923738662850105474e-01
-8.717131796395335974e-02
-4.558617532700720010e-01
1.551030447199672202e-01
-7.129453145578269480e-01
4.439132757616147673e-01
-5.785844352130276036e-01
4.116124184657968810e-01
-1.529976760686429238e-01
-3.869727103187618478e-01
9.103930832770105175e-01
-4.431892775021151754e-01
4.013181890303115784e-01
1.160008753539051307e-01
6.137926995826324672e-02
5.954726545916640967e-01
-2.187607600156189491e-01
-4.733276313452580153e-01
-3.050837280966478549e-01
-6.630382027131753730e-01
-1.579663671991642926e-01
-9.979810334396375104e-01
2.169990719088999223e-02
-8.922740891463720736e-01
-2.526578519572461046e-01
-5.858675006398895713e-01
-2.053102996237830824e-01
5.088626628253312134e-01
1.372481852515698708e-01
1.232977456047862491e-01
3.049264513018758171e-02
1.962723624601860062e-01
-7.466619059289079097e-01
9.390478004478943763e-01
-9.990401900240489796e-01
4.901451149981191913e-01
-2.384758937649905375e-01
9.999999999996058708e-01
4.580653188787400243e-01
9.999999996659220125e-01
-6.910574438632667293e-01
3.068422887002143495e-01
-2.943436090997708088e-01
-5.408519967505720505e-01
4.884549425444374426e-01
1.828537339999548594e-01
-2.649751600570127708e-01
-1.000000000000000000e+00
-6.911846152255100018e-01
-1.143963343916083591e-01
-5.885091010470668710e-02
5.166581402449601512e-01
3.023942588201540271e-01
-7.497804553971451624e-02
1.345171127526540999e-01
-1.273688951812249892e-01
4.375488640586354117e-01
9.999999999799612516e-01
8.226223231945781755e-01
1.184258479045995072e-02
3.812114339242194672e-01
-8.290528073769581896e-02
1.288728138322350891e-01
6.947236719152595219e-01
-5.210572833184093922e-01
-6.234912074562761614e-02
-9.994508433503918043e-01
-3.583429133232701735e-01
-5.101413972630556293e-01
-7.907131927461998888e-01
-3.717887974279131535e-01
-3.011705697408093574e-01
4.743153057934158534e-01
1.991872050848922104e-01
-9.914713771262293474e-01
1.355884870546728849e-01
3.338847035428087473e-01
4.423029025144233906e-01
9.999999878658675234e-01
5.816127189765680355e-02
1.901323416740322292e-01
-1.906478839787258961e-01
-1.084670233331791120e-02
-2.671771436760640994e-01
4.765154006846718943e-02
6.103117765843132370e-01
-9.976634688410880303e-01
-2.651858223070519549e-01
-9.996900281036169567e-01
5.350320571901089339e-01
2.576464958494290580e-01
2.873354947293634276e-01
1.125833018978556893e-01
3.100880989624028427e-03
-2.334419350910535707e-01
-3.142613068765177653e-01
3.390311057190560362e-01
3.610394130614154595e-01
2.352108240800883029e-02
3.945902166272974299e-01
-3.554267098816070169e-01
3.501864260872697421e-01
6.236753841119593508e-03
1.416495804073736493e-02
9.085724423109772796e-02
-3.623913427975855028e-01
6.256282846400236519e-02
-8.320044819501857258e-01
-2.301203168487855541e-02
-3.174746948489627907e-01
-5.913845373434980512e-01
5.285877179720520624e-01
-1.958040903564171320e-01
2.683726444842623460e-01
7.340008348548580086e-01
-3.942307689437213880e-01
-3.624201045954318634e-02
5.518321922780268229e-01
4.403789220666721183e-01
1.537140912756902456e-01
-2.565355117925861572e-01
2.911117058237146504e-01
-4.612172787014590658e-01
2.759644154595469745e-01
-2.113956921344114226e-01
3.266979129430763185e-01
-5.174519193106125181e-01
-3.237708431642973839e-01
-4.165627584069145350e-01
2.477648796124197195e-01
-8.083924263731589663e-03
