-1.958701953967351417e-01
-1.038654485516534859e-01
5.232514931697029859e-01
2.943899753498067096e-01
2.105631371508942806e-01
2.000644526940712625e-02
3.879656839130619095e-01
2.349090766317563084e-01
-8.631789209354086001e-01
-3.741617646398658903e-01
-9.647326792758610658e-02
-8.051990220897836670e-01
-1.754716918872945286e-01
-8.204403631507009020e-01
-2.174273288109191682e-01
-4.330392677914323141e-01
-8.097931110601782612e-01
4.312538062207643130e-01
-5.488329582107845939e-01
-3.803800698810528846e-01
6.270235435878832586e-01
1.473503227454152353e-01
1.764584646149464087e-01
7.511077376932575982e-03
-3.983000901149674755e-01
6.298815508905513116e-01
2.128232796839386388e-04
-1.499386945036421670e-01
2.922583953741565432e-01
-5.079175127907403775e-01
-6.067495165757963438e-01
5.485515743277571965e-02
-1.581086641652656999e-01
-2.513101833756981596e-01
-2.343028354999719676e-02
-2.082225910580495221e-01
-3.020965264432357578e-01
4.107368987092572810e-01
-1.255727863302511238e-01
-3.990041321814110087e-01
-4.565607721133785879e-01
4.444278156884560738e-01
-2.120410410657432021e-02
-8.507553391501121443e-02
9.237381974698400944e-01
-3.708149601814097474e-01
9.003307847609494097e-01
-3.122918213245421959e-01
-4.483726711836214518e-01
-6.224517602144822304e-01
3.093091983810934698e-02
-9.382220539649249735e-01
-2.835653285973139814e-01
-5.941574262686418750e-01
-2.750278911198673071e-01
-5.833639736032268930e-01
-2.114735784553475884e-01
-4.863345836092008434e-01
5.890241900620790672e-01
3.610670033607219498e-01
8.029969680295834245e-01
-4.239345347224270921e-01
4.821953098156416262e-01
1.103111015532217132e-01
-1.443557792241667581e-01
5.042968006133738967e-01
-1.767580871710063561e-01
7.257161007081718018e-02
9.667909219413533053e-03
-4.788680826341135122e-01
-2.699174646170099390e-01
-1.612766664027582841e-01
-5.690728528306682882e-02
-4.311634614214245320e-01
1.726012147257279250e-01
-7.045657250319138365e-01
4.395273955476147743e-01
-6.023123307342432842e-01
3.718937095193481923e-01
-1.824215028205462552e-01
-3.869727105370114884e-01
9.103930486804771016e-01
-4.431914580123436087e-01
4.012630410034442319e-01
1.154362152873951303e-01
5.901836245493122246e-02
5.914090276476278163e-01
-2.216120029615473441e-01
-4.736412021599313293e-01
-3.024711559822901297e-01
-6.559206191519126872e-01
-1.469601966160462569e-01
-9.865009238492263854e-01
3.074043108457691700e-02
-8.866687007016123001e-01
-2.506102535376893425e-01
-5.883051347403894793e-01
-2.155773332297448164e-01
4.904005353978417858e-01
1.223192581510591376e-01
1.631149363335921698e-01
3.049265464332917910e-02
1.962736510458489014e-01
-7.465969491416070136e-01
9.401797231173320002e-01
-9.948283127276169591e-01
4.546236170001076160e-01
-4.973723910251632296e-01
7.103858785636359974e-01
-8.266691103320851497e-02
8.736674013143498341e-01
-7.216132873128543457e-01
3.299369581717795930e-01
-2.896407414888974574e-01
-5.687191222364181842e-01
4.569881857937428959e-01
2.660882666760915338e-01
4.057851421012814708e-02
-9.200404565488243813e-01
-4.691668222740578154e-01
-5.448436015297276891e-02
-5.885088405971107550e-02
5.166616030309266749e-01
3.025659803576688511e-01
-7.196791454460813031e-02
1.485793801742135711e-01
-1.702088094134275864e-01
4.193913604590439326e-02
4.015851481157607372e-01
5.262993723682635183e-02
-3.496026187340307567e-01
3.281957987028196189e-01
-3.433896485382775809e-02
1.550523473114048811e-01
6.628880692808141184e-01
-5.584912522790737022e-01
7.382280888535670826e-02
-5.292494273543639771e-01
3.000880133895560409e-01
-4.478335596946586561e-02
-6.281579788142420684e-01
-3.717887680425674968e-01
-3.011666414749313292e-01
4.745116826908556407e-01
2.027136702736664908e-01
-9.723224267928951559e-01
1.259628786216868690e-01
8.445748133254363244e-02
-6.270605471342112491e-02
9.046033546347410637e-01
-1.528007702746823071e-01
1.558408612142646310e-01
-1.259613692011884722e-01
5.823878402003077742e-02
-2.439934530360342302e-01
6.396707352732103335e-02
7.423083297121403357e-01
-8.349804406370172627e-01
2.485993463482915888e-01
-7.173871091955519308e-01
7.403634583257172608e-01
2.576465080297510313e-01
2.873371980657296598e-01
1.126724255936297908e-01
4.790428409578132915e-03
-2.230634276073845956e-01
-3.058245311415744849e-01
2.760906175026062170e-01
2.313713416037402604e-01
-7.504448955547378397e-02
3.490537879358635576e-01
-3.398197551892581103e-01
4.345404989697094211e-01
1.160718981935202898e-01
1.026940483519201419e-01
1.646013185750684338e-01
-2.503172961867062840e-01
2.458382784490488471e-01
-5.914483082669629299e-01
2.001655634464690470e-01
-2.078320862406768110e-01
-5.913845368300423289e-01
5.285878333518065908e-01
-1.957960302019820520e-01
2.685569836558074908e-01
7.352779446052543078e-01
-3.930206286908066171e-01
-4.372051066502942451e-02
5.374774780279236719e-01
4.314530952530216124e-01
1.542784487799571669e-01
-2.347443581383223121e-01
3.451108945469206213e-01
-3.890303281568178728e-01
3.414791827806423208e-01
-1.591472872260637217e-01
3.808528519225722886e-01
-4.484371280531541659e-01
-2.478983069867292111e-01
-3.605278576712422911e-01
2.679810041864916781e-01
1.136385249604421194e-01
