3.794889653646001948e-01
-5.570118155477039590e-01
3.701660814019350765e-01
4.587430762630038128e-01
-4.165675668509696838e-01
-9.939261533624780265e-01
7.888749067167825924e-02
1.835716515614348454e-01
-6.982693073625072522e-01
-6.571856947657263026e-01
-1.060984546447985566e-01
-4.627435411533044052e-01
5.686505521708895561e-01
4.031013043152725794e-02
-6.399327774778014177e-01
2.842734956455651996e-01
-9.905916334519216937e-01
-2.103704559753770686e-01
-7.447650730628629923e-01
2.774882514866949257e-01
1.413058584754859903e-01
-4.827744765607253630e-01
5.822779609088664203e-03
9.998805290936797485e-01
-8.272030092246352995e-01
-5.666290254699689610e-01
2.773061162369618859e-01
-5.233816588934813163e-01
4.961432503745416556e-01
1.836697240009821652e-01
-6.046852342218327347e-01
3.196502466057525305e-01
2.335038223154636827e-01
-3.218758024561664266e-01
8.556660402136409549e-02
-7.314029501307857117e-01
-2.375391670761310692e-01
-5.543948046922549111e-02
2.601484158933252133e-01
1.453696896758221724e-01
4.267112787334165214e-01
-6.356142281126343496e-01
-1.065357611177405323e-01
-7.628027406898263418e-01
9.376302385011652252e-01
2.786055064721981722e-01
-3.849037360671612729e-01
2.030366246026709121e-01
6.808116679041974484e-01
2.635658632583592897e-01
-6.088043545279373525e-01
-1.957365653375327808e-01
-5.149401921669641835e-01
-4.042084124135170708e-01
8.556782494195052102e-01
3.097855298412687843e-03
4.168950680270441245e-01
-2.153619200864013428e-01
1.238586023831026867e-01
-5.273212073881469175e-01
1.183113539265940040e-01
5.854084814753984789e-01
-9.995922811312710765e-01
-2.439515285622824992e-01
1.408696000314471897e-01
3.449771960100926349e-01
5.384940522767427823e-02
-5.235239826653962369e-01
-1.174691096086885322e-01
-7.295227878102090724e-01
2.943308580611790348e-01
-6.280411932900358263e-01
4.515837179685811553e-01
6.329850795936066143e-01
7.244188530995800956e-01
5.548716841947048950e-02
7.960988211867421616e-02
1.417672983372695594e-01
-8.624467405025708633e-01
5.688040823416421476e-01
1.434564771258264593e-01
-2.855169099212074846e-01
