9.349414953737693601e-01
5.366240399258169480e-02
-4.085320023402819190e-02
8.822297741286024841e-01
-8.781864184687007135e-01
-4.288794488721494602e-01
-4.090662514860931021e-01
-3.029037412854048705e-01
-5.256447592461234164e-01
-3.490148266639298003e-01
8.693735353762521711e-01
8.729584516408794848e-02
-1.865379564261223644e-01
9.029979874678646379e-01
-1.560875321636593649e-01
-9.107855784258615806e-02
-4.531710419267280243e-01
1.934610226821910084e-01
-5.874756615921981201e-02
-4.295276316881631029e-01
5.985762991119404353e-01
3.835805168438469887e-02
9.998696235773268937e-01
-5.024252557388114715e-01
-9.480109881364437996e-01
1.507276369524629678e-01
-9.023181263859206824e-01
4.491439593423294241e-01
-5.817401848829344413e-01
-3.433054483378552013e-01
6.981869858379806670e-01
-3.933502059787942207e-01
-3.487654244711944629e-01
9.767624750626093810e-01
5.930863863481896647e-01
-6.928846267303271356e-01
5.520462262511837137e-01
-6.272925844821621855e-01
-6.972792802525437095e-01
9.882022035461025533e-01
-1.319275071201035932e-01
8.646228818426617835e-01
5.339967495132699193e-01
3.775518202435696469e-01
-9.780681940337387914e-01
-9.966364294199073770e-01
-2.609096510384427137e-01
-3.261251274416985813e-01
2.941710340939504564e-01
6.994148608304712189e-01
3.206387563587068806e-02
2.806387043745840471e-01
1.264674350886921261e-01
-4.166773190231560786e-01
-2.800164430365325585e-01
5.117083108367463939e-01
-4.093394372818876525e-01
-5.546189212127121682e-01
9.999838894399327716e-01
-4.473068654500968466e-01
4.969056221289491204e-01
-3.395510040854523015e-01
1.095467763860450416e-01
6.138606225491832769e-01
2.869601932497821140e-01
7.694609521294055732e-01
-1.762294715581489701e-01
1.746567327789702861e-01
-5.372597082498604681e-01
-3.024698371782322259e-01
6.681282146864746530e-01
1.370955510988396409e-01
-8.066409641436549371e-01
-4.996370240421042497e-01
2.668991518032172716e-01
1.999736736686111294e-01
-1.756522816526424335e-01
5.614039219173567741e-01
5.429722627553851266e-01
-5.933073511356262708e-01
-5.615056057161215142e-01
-5.683771745567278710e-01
-2.690354888611509732e-01
8.692376240907864204e-01
-6.637972631870293905e-02
-1.836792066347293084e-01
9.863701948114401985e-02
9.908031371761258921e-01
-4.288666475080629148e-01
1.960858505010530661e-02
2.714185705257942116e-01
7.901700541745336759e-01
-2.586555017686469893e-01
-4.084966886360004712e-01
5.299796794804986222e-01
7.111052094606175045e-01
3.795214709350270416e-02
-7.235087420558368454e-02
-2.445510093132133300e-01
-3.292321739710903916e-01
-2.007193077772052303e-01
-2.446452025440717659e-01
