3.722587508567548609e-01
6.320477639329182828e-01
-8.018950757816006858e-01
-1.680424610142255970e-01
-7.405790964519894937e-01
-3.524198304228473577e-01
-3.150440153585712388e-01
9.436778781850903297e-02
-5.625060129993464386e-01
4.429837401102267730e-02
7.402186410583103671e-01
9.814293512913636608e-01
-4.523147617643616739e-03
-7.546505773901909242e-01
3.892711385941707933e-03
-7.924242798523338516e-02
-1.786789793299095597e-01
-1.597480736259094258e-01
-2.785534748680972839e-01
7.687615888128747077e-01
-7.445001850615569072e-01
-8.386026548603492392e-01
3.821330455608636101e-02
-1.274441085853211331e-03
-9.004734708875151705e-01
2.070040801199027058e-01
-1.993117028635878196e-01
2.360365469749124145e-01
4.898475361574087805e-01
-1.718269434460658329e-01
-3.598713338062051736e-01
5.849514546814413851e-01
6.478455679241650333e-01
5.406670578637219338e-01
-7.054780702054869179e-02
2.924842010005062054e-01
6.021987221131451795e-01
1.716246261860358141e-02
7.145704626771377521e-01
7.421659621093047443e-01
5.749457436805796018e-01
-1.903824003004671583e-01
-8.746537320183731534e-01
6.206605593518129682e-01
9.890262049937712518e-01
9.116773831160560615e-01
2.362854797164339604e-01
1.619627589531758283e-01
2.723650103323292382e-01
3.072343945597336701e-01
-1.182543463790586453e-02
5.439509664761387198e-01
7.137479717367056775e-01
-4.611258636674186451e-01
-3.330738113865707728e-01
-7.498252935248935769e-01
6.613460860143320907e-01
-2.088675606746777658e-01
7.108505545899926337e-02
3.582714170611868143e-01
-1.738380809923606718e-01
5.016514223321565380e-01
-2.232012932472107469e-01
7.222383221549147914e-01
7.158547880734371649e-01
2.101830133818707869e-01
3.019322009289913677e-01
-8.354425917506833610e-01
6.703237223808056200e-01
-9.025362008875259523e-02
-6.692344269492918052e-01
-3.274046484057186457e-01
6.981510884149415563e-01
4.705072688773879741e-01
-8.304342187356815730e-01
2.920736113336009909e-01
-9.011829088335121529e-01
-5.362032638085302283e-01
-7.383126675161041375e-01
8.183705465138390034e-01
3.775110155921431176e-01
-8.110777712554038121e-01
2.965262518095407307e-01
9.713395832467025537e-01
-3.040746811829265761e-01
1.115108375542977689e-02
-2.453411072953163852e-01
-8.333952522326614210e-01
7.593152617872587218e-01
5.663867435682130580e-01
-7.779828156180790266e-01
-7.154743531268681345e-01
-3.645817389960679389e-01
2.199985153912840385e-01
9.819747403337617531e-01
-2.714279759420289984e-01
-5.169817476075108109e-01
-7.882412568752111826e-01
-6.903491398992936956e-01
-1.880931776465789573e-01
2.133871463639944732e-01
4.085324883039327393e-01
-3.072474882743430613e-01
3.615909866842002135e-02
-5.077407008120272611e-03
9.314588579144505998e-01
3.238712233828276443e-01
-3.649723654006533646e-01
7.322582886676657354e-01
8.781374982358073344e-01
4.109117528161991828e-01
-5.568377636004328002e-01
1.788100164669388648e-01
5.381044067087199512e-01
1.387227276751815397e-01
-5.396826036928964454e-01
-3.503294333953337336e-01
1.376168872594732140e-01
3.775302206302648123e-01
-7.041107228325608203e-01
4.942992540294743331e-01
6.127224107064172670e-02
6.646028916551429688e-01
1.570098438054255974e-01
1.729034913468340817e-01
-3.263515691019410192e-01
-3.511336757255518748e-01
-7.347509433630913245e-01
5.140079180705205836e-02
2.908574374909498328e-01
-5.867091785120980285e-01
-1.256955626339429644e-01
2.782972800292643489e-02
-8.605933229722978473e-01
3.934076059998605768e-01
-1.710209026737097423e-03
5.600565099438953309e-01
1.240791967073286844e-01
-4.870205019104918431e-01
-6.434782059516941377e-01
-2.986529179811120982e-01
-3.969352377807991439e-01
-1.870902173912528110e-02
3.629039388254792220e-01
7.799928453177820131e-01
1.373598560287671577e-01
-5.877132956579679268e-01
5.258207996332909806e-01
8.893184293477571778e-01
4.818818335564682420e-01
-9.890035087468066477e-01
7.476661188612029330e-01
-9.686104354485607359e-01
-8.063545975997044035e-01
-1.231129421297409016e-01
-9.660474461351385989e-01
-2.285574157951082985e-01
9.973062727263312111e-01
9.841061490087325003e-01
5.299780158705269528e-02
6.349164221034694355e-01
3.745910835566128028e-01
-3.055764100383586146e-01
-5.474309313004095401e-01
8.935242276148203100e-01
6.892430147978445554e-01
3.616483534039242609e-01
5.366279382186969205e-01
-3.514315849752152054e-01
2.144870436219720525e-02
1.684852734253071693e-01
-9.249035670248230423e-02
-6.306316751145610855e-01
2.866514947706029215e-01
-4.680199649471115109e-01
9.837769569690106852e-01
9.893687331215866854e-01
-2.551850891350890826e-01
3.641026466051503485e-01
-8.337137700618389990e-01
8.920444473925992490e-01
-3.323809771934616575e-01
-1.209997092174287282e-02
-8.713582052963024793e-01
-4.366225502319927565e-01
-4.901121550369207935e-01
-9.718303172595917083e-02
-7.654482951971534055e-01
-9.969743889424225181e-01
6.250566077021005307e-02
-7.629792915752350302e-01
5.901764045812607495e-01
-9.938453456591277435e-01
-8.493354401163420997e-01
-8.964996118094623601e-01
8.916510096260769069e-01
9.836851283088497988e-01
-9.676250592211251833e-01
-5.264473232157662608e-01
-5.788951265576577354e-01
-9.158681377092027509e-02
5.873909802806729363e-01
-3.416522827174869881e-01
-5.587609890922622391e-01
7.552433373772654557e-01
5.740670333472820408e-01
4.386681316946357545e-01
7.384739266915316680e-01
-7.488267116050282279e-01
6.763267289477772337e-01
2.460338001464254243e-01
-9.435282765704049446e-01
-9.320011845108069348e-01
-4.850335054432955983e-01
8.201500249031037360e-01
-3.764781772063692245e-01
-8.792297116703511328e-01
9.911108508200009437e-01
-8.522830530449416742e-01
5.280268057735537646e-01
-1.367584154870316593e-01
-5.106042840076895351e-01
5.858189663717111584e-01
-7.986235619494604920e-01
8.770103176420538382e-01
6.287985473089060529e-01
2.322680445397838633e-01
-8.558573489626372099e-01
3.678469177211358132e-01
-6.487699313211940932e-01
4.380009176346554844e-01
-5.945175981300272056e-02
7.602402936407341993e-01
3.867955167027802704e-02
-3.999283264818819794e-01
8.979690306385688103e-01
-3.726988721667123250e-01
2.268477599961531976e-01
7.066717620793473431e-01
2.730079320171051593e-01
-9.537185829199974485e-01
-2.280117306811922651e-01
5.627016690918829056e-01
3.008129578585039265e-01
-9.532895718120293349e-01
9.120611494332162561e-01
-9.797740841103680376e-01
9.704741270398006270e-01
5.387389569302035719e-01
4.867940616692397193e-01
3.957186734132656092e-01
3.142737221200586073e-01
-5.832180579735051218e-01
8.728103845005522610e-01
-2.161559830120011738e-01
7.717735228356228383e-01
6.570385940720344653e-01
-5.634562527037443314e-01
-2.222257241744537426e-01
5.529090351254558611e-01
-9.023828397804776191e-01
8.581388190735587118e-01
-9.151827816639933610e-01
-5.196413209709177528e-01
-5.389291883510507856e-03
-3.921285411610056504e-01
3.168694882423470638e-01
-7.674532710651964518e-01
9.140606411908530626e-01
5.796979460956451780e-01
3.876666767598647284e-02
-2.178406029488730300e-01
-3.676336579661827475e-01
-6.446636288231100131e-01
6.624501794756186834e-01
-1.456586839033143232e-01
9.937057135843083699e-01
-4.666901058366811905e-01
-6.113923232130957786e-01
-5.883001324361410989e-01
4.999566784363322913e-01
-5.317343387161866941e-01
-2.317023101204462310e-01
-2.645398035532208966e-02
-7.744695956354614719e-01
5.787351945043277546e-01
-6.047260959012088974e-03
1.003289315753818495e-01
-6.119959922834888877e-01
-7.186280602175436349e-02
9.006931773857460577e-01
-2.478294782091780002e-01
9.046812291176120624e-01
4.602817701066175271e-01
6.047165956525975966e-02
2.757819517134986742e-01
-9.670380976892271052e-01
-2.177028733264429472e-01
-7.212628218484806730e-01
-1.155968580531995804e-01
2.676725701698919324e-01
-8.100207181076007901e-01
-1.740382500532581256e-01
-8.372635455165707841e-01
4.630623901584259294e-01
3.753517101373817222e-01
6.470003062255506032e-01
-9.914534822950784587e-01
-1.162189389180739857e-01
-1.587629453699913873e-01
5.184535931185074026e-02
9.894115067420172771e-01
-7.857324371064877688e-01
7.991355750270869862e-01
-1.347798337487238762e-01
-4.376863446554076775e-01
-4.778052851611369611e-01
-9.031217767524636619e-02
-5.618210044221987054e-02
2.470971996599988230e-01
-8.662266586969119553e-01
6.657235380965330629e-01
6.754095631003237399e-01
6.687941439522995246e-01
3.362628782913517078e-01
-5.639357563617086733e-01
-7.129711354298884363e-01
4.620847856354012850e-02
1.345497406713044158e-02
1.041657683376928656e-01
5.465668780746564259e-01
-5.973116465695095245e-01
-4.972141449927787726e-01
-6.492016734658780930e-01
-9.613772985475450839e-02
-2.151081745993551897e-01
9.368534812309616822e-01
5.540993901708465286e-01
9.124752141570675879e-02
8.388860012618670758e-01
1.429907885165958015e-01
-9.803280949851410631e-01
2.208333151658765925e-02
-7.080616964177660622e-01
2.897001812247732011e-01
3.000021989847843629e-01
-3.167060651397884952e-01
9.838660805681435084e-01
-8.748453809467119369e-01
-8.329312627581402229e-01
1.871981241644286309e-01
-9.502751567694944779e-02
-2.472383573988464756e-01
-3.841723485207888117e-02
7.597948246235057823e-01
-4.727301712524240584e-01
3.318679506272032009e-01
-1.523488241366333096e-01
-3.672285170360840567e-01
-8.963509594211108711e-01
8.810455711145677438e-02
5.825036691348642881e-01
5.568643042808664179e-01
-1.073848524152325734e-01
2.807226852450573351e-01
-6.643465825995292784e-01
6.512264786234024383e-01
-5.427261119008686130e-01
-9.370917448642399616e-01
8.444897533797747213e-01
-8.512004273334953242e-01
5.753699401242915457e-01
-8.341791991842227860e-01
-3.614199053952553142e-01
-8.946278419501139112e-01
-6.578095723323145183e-01
6.024449522108367150e-01
4.038775891178731925e-01
-4.609266277785654675e-01
-9.134370874670924012e-01
-7.204375453190379197e-01
8.529551391708275476e-01
8.227568523687992519e-01
6.163555695518854183e-01
8.938149306219300705e-01
-1.953497897508122416e-01
-1.701032834253109471e-01
-8.408478261078117244e-01
-1.736099323124185856e-01
-1.290005919820252089e-01
-2.163880693009379297e-01
-3.481381737870198889e-01
6.145773990463525571e-01
-2.504446239077025016e-01
-8.710761924493579667e-01
-2.480957410611571157e-01
-8.229911374463533269e-01
-2.265425653975486620e-01
4.592446328403473887e-01
-3.970230767078938294e-01
6.535613110897110500e-01
6.334332808594448361e-01
8.625736815196141105e-01
-7.820562264527972651e-01
-8.356735318166750304e-01
7.920149636070554777e-01
-1.370205136896314180e-01
-5.552143868516697944e-01
-2.335778418163717285e-01
-3.396927011395457496e-01
9.728897377137826208e-01
9.122878334960002888e-01
9.441043004466409538e-01
9.419543538879538991e-01
1.036843905487704887e-01
7.737828512843856199e-01
-8.418799015907337813e-01
1.793215492317633553e-01
6.688250305135967633e-01
-4.383506462283166816e-02
-9.431043945945359885e-01
2.643364861506632413e-01
2.447097052921019256e-01
5.930685593730570387e-02
6.346640598763242380e-01
5.045005848590168596e-02
7.437042167822101035e-01
-6.336879956459476881e-01
-4.716955378319507286e-01
8.708354862771165994e-01
-4.432554530450759644e-01
2.577038840977961542e-01
2.973536019196027502e-01
-9.957506675662027851e-01
9.281643256682799992e-01
-3.815775925819007708e-01
-7.188348416556959997e-01
-2.333945275575892153e-01
2.977978553162591857e-01
-8.118272322915923711e-01
8.118938817430707555e-01
6.793460648880730313e-01
-1.020892748826713603e-01
2.113998391840351265e-01
-4.365609057027453610e-01
-8.370064587744351359e-01
7.896567619287245821e-01
-6.918613815494280006e-01
3.536433446552376680e-01
-9.217781449470341393e-02
4.071430236869182928e-01
1.819793051281304030e-01
8.134381915727521839e-02
-9.962236170682540193e-01
9.802988667167539250e-01
9.785585180981819509e-01
-7.919014985389649652e-01
3.610521662777336216e-01
-1.140805456184246780e-01
-6.118580369030649502e-01
-3.719821979442451410e-01
-3.918656848543301541e-01
4.895094413507950493e-01
9.995269348389752562e-01
7.173527101220805724e-02
-2.643562740807741118e-01
-3.644925697141149223e-01
3.670048600731114496e-01
1.360281831561241384e-02
3.399003168925521234e-01
-1.455829887700254566e-01
9.146452296465772402e-01
-6.170875894123930561e-01
2.783019489242388178e-01
-1.625148398671796002e-01
-8.830925377433525014e-01
-8.121275126001542555e-01
-1.607815100821764209e-01
-5.636637866074052372e-01
-1.687278161235604423e-02
-7.350524353050230664e-01
-3.448839225225109467e-02
8.596828210229182088e-02
-2.785345127970832446e-01
6.300596827391760080e-01
-8.604701216817763898e-01
-9.115552151401150605e-01
-3.917612311892191279e-01
-1.168904357876402594e-01
-5.751381221003325495e-01
9.355720296187304275e-01
-1.934028347191994734e-01
9.013437421963242935e-01
-8.636493505314051244e-01
-7.378954529484863523e-01
9.437484893224968863e-01
-2.029611151092811649e-01
5.550949901518001939e-01
1.457166292922508315e-02
-2.539678362022255720e-01
5.244948149167329987e-01
1.197310979949614135e-01
-6.213235426683361151e-01
-7.238157893172229018e-01
-6.150243245950740567e-01
7.167556555252959649e-01
4.981030967827707601e-01
-9.995540197185472930e-01
3.672188875857774759e-01
1.780017702078525166e-01
-2.513296919965441467e-01
-9.897939828582636990e-01
4.078121565522741659e-02
7.576936453753027045e-01
1.639404618708989805e-02
-9.950434200328472922e-01
4.304996959475888008e-01
8.913002056115922889e-01
-5.033124160322244300e-01
-1.838651194981928139e-01
6.123121399518659524e-01
6.816217488460222240e-01
-1.050175423157212878e-01
-5.742630863615464376e-01
9.857731632015185319e-01
-2.257787268463626318e-01
-3.007514223035538947e-01
-2.786659723640531050e-01
-4.467936579522128193e-01
5.442748802850074785e-01
8.032183711894196332e-01
-3.117897136934900115e-01
2.716055402874213431e-01
4.429261424659880486e-01
2.077399406359625444e-01
6.767348626535937273e-01
3.326489530672838146e-01
-3.577066449185056785e-01
7.899654053241665919e-01
-3.205738921158822197e-01
8.858986891329726499e-01
