6.001631301210947900e-01
-1.302026760611391110e-01
8.438397717183075963e-01
8.449726349894502997e-01
7.274642052139983495e-01
9.983676369771827819e-01
6.685186823749796892e-01
-9.991498568871568509e-01
-6.024802775944256839e-01
8.343438847509399015e-02
-3.609472834393624430e-01
-5.849053375116936015e-01
-9.927285591471046722e-01
-2.541289805671522739e-01
6.075119561913231436e-01
7.597361810022256190e-01
5.429458057995170117e-01
-8.540417864687713800e-01
6.028572346249652103e-01
-4.249050023428044276e-01
5.592113109783461988e-01
-5.578548460757432048e-01
5.100092397764346419e-01
-9.935140770888544193e-01
4.114386877673396059e-01
9.864322144162134265e-01
-3.181590494838840710e-01
-9.909018550649780765e-01
9.932752917744596122e-01
-3.526392662463965766e-01
9.795980256403371556e-01
2.165374175722875327e-01
-9.834637832723963635e-01
1.071009126091500840e-01
6.481846262302776163e-01
5.191307998215910491e-01
3.060461305915984087e-01
-9.194861217536919318e-01
-2.929140360839497803e-01
1.212303914100993502e-01
-4.455715566233640623e-01
3.992622172138232117e-01
9.880643096264815073e-01
-1.032907323641299169e-01
-5.075192472091453189e-01
-3.130007862545197139e-01
-2.612292477190946705e-01
-3.135885654856358506e-01
7.894177151754283583e-01
6.344944844142304252e-02
-7.261254842693817269e-01
-3.680100725524693139e-01
-5.214668691787426313e-01
5.560632966590165482e-01
4.406860927022515084e-01
2.943140487398091532e-01
-7.205441451735228320e-01
7.108621143749801474e-01
8.833377360686730517e-01
-4.694568596840856811e-01
-9.616032929632339910e-01
-6.125962940113746091e-01
8.601418646906536791e-01
4.534220565331534281e-01
8.026321817303768702e-01
9.761612185747586823e-01
-3.623812492338060465e-01
-9.990856025977489230e-01
-6.774842178945373883e-01
1.023454060605359789e-01
2.238923332372100006e-01
-9.064911066120208138e-01
-7.679057942002815995e-01
4.931914732036270510e-01
-8.194205607567578431e-01
6.028641092713744598e-01
5.392394779636697777e-01
-6.234535697991340220e-01
-6.031273918919947130e-01
-1.303668047278647990e-01
7.571244740857179245e-01
5.410594869582430189e-01
-6.181647819223609064e-01
6.840485368889427653e-02
6.901769640617875234e-01
9.963003761379364276e-01
9.506293527627693862e-01
-5.558435325314223796e-01
4.203642433869648198e-01
9.996693542288448420e-01
-1.349158800075899722e-01
-9.772251899194490665e-01
7.310418693398021972e-01
-2.145386010494311213e-01
-9.998204911676491502e-01
3.805666739352612793e-01
1.561719226799428428e-01
-3.660534273942968320e-02
-1.544365447763159649e-01
-6.018457632825632286e-01
-9.032499755833913735e-01
2.190123864580211799e-01
8.219629125943934966e-02
-6.142917192783244051e-02
-6.404533226517349354e-01
-2.580360898819153426e-01
-7.159334835753976278e-02
9.968873316545763252e-01
9.514681668312361396e-01
2.321900383874020979e-01
7.527465113827636056e-01
9.996035602857545888e-01
-7.475262885807891777e-01
-8.689781199244991372e-01
9.990471746890663418e-01
-8.961514254678276670e-02
6.186456690975380424e-01
-7.163271130403089382e-01
-9.989107019352659877e-01
-4.642227730863404123e-01
1.931092745400704025e-01
-9.991920589990050949e-01
-9.994534686310931892e-01
-9.973348976706748470e-01
7.018412718242414972e-01
-7.854839168788209092e-01
-6.153396042292272883e-01
-6.234590851395449551e-01
4.546847062616728996e-01
1.046159236169484641e-01
-2.460039418281566304e-02
9.317154138293350929e-01
6.328731187688949600e-01
-9.984909941670776501e-01
-4.478422274684254467e-02
3.946877358121784196e-01
-5.437930463019022831e-01
-6.393624244771164422e-01
2.735176615878381901e-01
-7.369659180734312587e-01
-9.972585041076938994e-01
-4.621901348081879357e-01
5.255965159924740338e-01
-9.976585852397883425e-01
-9.996343067485612410e-01
-4.798174422563978858e-01
7.557626626496241062e-01
6.141361507752005622e-01
-9.775575631026199863e-01
-5.500933500892231098e-01
1.148244010842065371e-01
-1.611188069757318320e-01
-2.000412310652116207e-02
9.993779089340300015e-01
-9.942098227405573585e-01
-8.850393108220008243e-01
-5.598549493451954184e-01
9.948934768364373626e-01
-2.407786624880127457e-01
4.438545712798100396e-01
9.996123919445735195e-01
9.996059037379844137e-01
9.997046942139032888e-01
-9.998748052874976144e-01
9.996257453079606670e-01
-9.997741490311261581e-01
9.999440372589883941e-01
9.996067440475411292e-01
9.999356662376175375e-01
9.998034015721908307e-01
-9.995973895627970895e-01
