1.658598587226822962e+00
3.038063827578189713e+00
3.119650940110758164e+00
3.148134975291958071e+00
3.115741545797074519e+00
3.218264343298880004e+00
3.103398188048796857e+00
3.039114318503953083e+00
3.127734680137920886e+00
3.134479439032802350e+00
3.240469609175457677e+00
3.293544810389541500e+00
3.332145436411500850e+00
3.200544989168866206e+00
3.162184991686121993e+00
3.167450084699395152e+00
3.112677188181790289e+00
3.154652751495035101e+00
3.193655553837817074e+00
3.178528266527879342e+00
3.166920212423466996e+00
3.135453237974680896e+00
3.129807132287910854e+00
3.120762754035570019e+00
3.186193735166440888e+00
3.148163821040367516e+00
3.125252208661283060e+00
3.148306760256512238e+00
3.157206499328146787e+00
3.124583635170566254e+00
3.189726496006963785e+00
3.207572056103622504e+00
3.187707994934713795e+00
3.223034740709914914e+00
3.170855200294252718e+00
3.105753311875141254e+00
3.205539943814094350e+00
3.136531891086304036e+00
3.163143330899472971e+00
3.154387758592798630e+00
3.129720420201506759e+00
3.114737621068994322e+00
3.138287135809444628e+00
3.199346589718870870e+00
3.165686461906582316e+00
3.147411623149741544e+00
3.199604088211992270e+00
3.165187540572637293e+00
3.169327347152457452e+00
3.222235853619621615e+00
