1.399537643948524535e+00
3.074394336783428106e+00
3.119089622292698039e+00
3.278051431107003921e+00
2.947759576928147052e+00
3.110521393790903311e+00
3.092218650054245455e+00
3.140088899373335796e+00
3.096698879175441732e+00
3.239718415772956828e+00
3.117025932935490573e+00
3.194542438908627435e+00
3.212447199160206157e+00
3.228341977723522938e+00
3.231472938011541007e+00
3.261108708622194374e+00
3.320595414236457987e+00
3.309264749550952178e+00
3.309929389774491693e+00
3.322356672471320493e+00
3.246462791357262567e+00
3.200150887766015195e+00
3.239954593767234492e+00
3.239854591273693796e+00
3.281870373751420988e+00
3.211706076587401260e+00
3.303192618557623028e+00
3.248251228792472300e+00
3.245240869494891545e+00
3.211528263232788394e+00
3.232346695571182149e+00
3.207502637701461268e+00
3.231413347652133616e+00
3.215141173869502378e+00
3.267574473499924803e+00
3.221921665913887178e+00
3.251328030450865381e+00
3.255882102691053603e+00
3.251482276820364614e+00
3.262129316792924172e+00
3.208412451204360583e+00
3.258889745746178068e+00
3.241361866906360412e+00
3.210215893056369119e+00
3.223100254767082617e+00
3.221447267562613792e+00
3.184702845236818014e+00
3.218492869486227370e+00
3.204301659481684883e+00
3.256553325815924715e+00
