1.890656803468897529e+00
2.785325596165892037e+00
2.715701203500357153e+00
2.714011026457183728e+00
2.846183603381791105e+00
3.443731700691358366e+00
3.636168465552331863e+00
3.507048496465036802e+00
3.541883478806655106e+00
3.504335878097827095e+00
3.495158113145844236e+00
3.568118060224905630e+00
3.474821227965227521e+00
3.428941215193459513e+00
3.489775599615446477e+00
3.495162751419449876e+00
3.499072762584318763e+00
3.506033738498068875e+00
3.494919580261405923e+00
3.481330365800990201e+00
3.484332197297259182e+00
3.478722904930271476e+00
3.504405258965733516e+00
3.503677568082487426e+00
3.514174433305816692e+00
3.472920076382090659e+00
3.486382800126031078e+00
3.507493320219999600e+00
3.507968596577518916e+00
3.528236426294343975e+00
3.516942855454785910e+00
3.506887485930669790e+00
3.531365544563969561e+00
3.519386153622904523e+00
3.509359526439590482e+00
3.469724918857177709e+00
3.472270611543182728e+00
3.516437483849417234e+00
3.535504225306859372e+00
3.494707357825014071e+00
3.513327864187202110e+00
3.525640508283822694e+00
3.499227491587456385e+00
3.466548884288349619e+00
3.486533106654371661e+00
3.518211119422980371e+00
3.476993587145027043e+00
3.488962416654018739e+00
3.475825647713576494e+00
3.534879083436995195e+00
