1.839013524270336708e+00
3.047920369215225911e+00
3.075470099216423669e+00
3.226240692656905384e+00
3.282422869364956419e+00
3.155490754449921553e+00
3.218904242257541348e+00
3.137537719374417389e+00
3.164698747049311756e+00
3.240361846721758976e+00
3.315918249787704664e+00
3.159496008452113536e+00
3.279662988170675142e+00
3.314821499090887968e+00
3.138427573500106593e+00
3.159609816815620587e+00
3.252269770738342114e+00
3.159658150743964278e+00
3.251637707328761451e+00
3.237608671064970967e+00
3.222643487330329570e+00
3.219257660044900771e+00
3.227605261556289573e+00
3.294727094218417474e+00
3.128560467787893096e+00
3.168324480601632409e+00
3.158861874425383576e+00
3.178013136545004169e+00
3.176615412827948681e+00
3.224473437835310374e+00
3.232097772403425218e+00
3.258741791620909378e+00
3.194884246179605203e+00
3.198149786200652489e+00
3.155983529330744997e+00
3.165244524675894677e+00
3.192194589389920623e+00
3.146173186090409857e+00
3.265481922004021875e+00
3.217732614374201106e+00
3.117837354201824063e+00
3.129324653174567761e+00
3.266160842470482883e+00
3.173846616690934930e+00
3.211206806099760502e+00
3.222980271371990391e+00
3.291553773677969197e+00
3.163435450288754502e+00
3.167618658079287552e+00
3.263542280364557957e+00
