1.656013908792776990e+00
2.916702475671459016e+00
3.001197968958529305e+00
3.189444661351330979e+00
3.033017114909045908e+00
3.097298333358479372e+00
3.132958544011877233e+00
3.190897593175592739e+00
3.461666211791495140e+00
3.381841790912568424e+00
3.315080503103793319e+00
3.447826395066835303e+00
3.420728347276116299e+00
3.372600472926901904e+00
3.406155711166779287e+00
3.388033765717820778e+00
3.239462289475786516e+00
3.316128806451614341e+00
3.337591074398042590e+00
3.152673107237884853e+00
3.319759111369796845e+00
3.238504685473082567e+00
3.368076895169618279e+00
3.306551830673482684e+00
3.322112280029377196e+00
3.317503657636394987e+00
3.351640650983474412e+00
3.265281507561410113e+00
3.263848779202364714e+00
3.364118912004624651e+00
3.341622706366856210e+00
3.295006134828005528e+00
3.171954373082328971e+00
3.374585196727335479e+00
3.354223897905525664e+00
3.280018182795211956e+00
3.379781939660355672e+00
3.386716386489180497e+00
3.252054227056099922e+00
3.382485887916863110e+00
3.302059403345271260e+00
3.365345332942767609e+00
3.295352210970892592e+00
3.301284819941451065e+00
3.411262521924856461e+00
3.354660302690974039e+00
3.269254657589567348e+00
3.370126081585178124e+00
3.292327435989720996e+00
3.376381255389258040e+00
