1.407015957665945560e+00
2.985396072019104174e+00
3.227098786596437119e+00
3.139326080098981731e+00
3.249855576773045041e+00
3.673522225023305943e+00
3.520911943321617610e+00
3.517249699603931745e+00
3.577854307558263613e+00
3.614041467022544474e+00
3.628204741787685261e+00
3.585722653212161326e+00
3.581140369781567134e+00
3.599899884746412315e+00
3.511849485034724605e+00
3.516731847004737510e+00
3.548871367379252906e+00
3.529920914892361150e+00
3.526206793223091385e+00
3.543387179791478658e+00
3.479209550482400992e+00
3.551821634981658704e+00
3.517363783165843749e+00
3.515182571829690072e+00
3.531812757467873709e+00
3.519421397593942569e+00
3.537033675681290124e+00
3.581372628153130400e+00
3.520016068677508159e+00
3.516032338150522740e+00
3.563777101732982011e+00
3.527887811379804894e+00
3.532179072821182153e+00
3.533082094808114082e+00
3.517481980926393081e+00
3.563586270439377479e+00
3.515005932562765167e+00
3.570540779530405828e+00
3.500877194520163105e+00
3.556380969831220984e+00
3.528419164260421681e+00
3.530388075526447622e+00
3.527950290994737781e+00
3.543112871958142396e+00
3.487484483740666885e+00
3.535712404376977425e+00
3.558179358943406534e+00
3.575816530169286800e+00
3.537817521367000673e+00
3.484441815413032106e+00
