1.413700653777481886e+00
3.009083853754542570e+00
2.359331513257375335e+00
2.316612503132723599e+00
2.484606351591322149e+00
2.459090521975609178e+00
2.531421669289637855e+00
2.634154281833166245e+00
2.728007878766661953e+00
2.758544536777051803e+00
2.855654759552990640e+00
2.899760776672658746e+00
2.809163226408131653e+00
2.936182750012860776e+00
2.796580084409334255e+00
2.892423722937388142e+00
2.898248872491345995e+00
2.928000597535453942e+00
2.925761476841084008e+00
2.931652309540052848e+00
2.990142640579024125e+00
3.006301589542869745e+00
2.949230233572567972e+00
2.972927846553150566e+00
2.957772596108387386e+00
3.043311371901542106e+00
3.827520646308424812e+00
3.973475365192136177e+00
4.009251096481056820e+00
3.820372168283980407e+00
4.032239388154063242e+00
3.858484487528644813e+00
3.851593565979035017e+00
3.833556979980127455e+00
3.854028209973793917e+00
4.018544856596601100e+00
3.798958642242028283e+00
3.951930897631293682e+00
3.998208376918507945e+00
4.063531616687034997e+00
0.000000000000000000e+00
0.000000000000000000e+00
0.000000000000000000e+00
0.000000000000000000e+00
0.000000000000000000e+00
0.000000000000000000e+00
0.000000000000000000e+00
0.000000000000000000e+00
0.000000000000000000e+00
0.000000000000000000e+00
