1.794224359422321502e+00
3.035726540504581905e+00
3.015354918490530611e+00
3.118570386614684331e+00
3.151399556002077773e+00
3.144479790289006704e+00
3.146227744315299724e+00
3.255066599564284680e+00
3.197802128229076057e+00
3.276004425519437380e+00
3.152642194427872635e+00
3.249572508367552182e+00
3.222563166669766943e+00
3.184843749787058975e+00
3.198847888986700916e+00
3.214387784983640639e+00
3.162934372906109903e+00
3.166800578944337197e+00
3.165024933382220684e+00
3.168268620537182390e+00
3.045076873261665984e+00
3.128710153992758425e+00
3.056741482599422355e+00
3.196872491107320080e+00
3.105623330349474909e+00
3.192836965892246415e+00
3.171532519598753375e+00
3.080701485199297540e+00
3.090278850639755603e+00
3.155684517918534659e+00
3.131190777316400720e+00
3.101304212699351304e+00
3.015451023030290223e+00
3.098687553129525263e+00
3.056427157796608451e+00
3.065938765784506082e+00
3.184013402681764582e+00
3.208461419931982750e+00
3.140343785686375622e+00
3.103657122333498553e+00
3.176421369889895097e+00
3.208136881325930556e+00
3.159537071982002843e+00
3.134713808413019720e+00
3.169628444376549670e+00
3.164216269672330828e+00
3.104107030891419150e+00
3.204621315321641184e+00
3.285158921209650362e+00
3.051256445110496429e+00
