1.243583239789390671e+00
2.631844873333186285e+00
2.289978051563632100e+00
2.454446603772999502e+00
2.485080699391739145e+00
2.636672166220960900e+00
2.324849623945219435e+00
2.481754108428836592e+00
2.827939829474131805e+00
2.884055432513646267e+00
3.384132625737604094e+00
3.237338853862323784e+00
3.357020801403610033e+00
3.357457726762401062e+00
3.315804014195123717e+00
3.440512268474994695e+00
3.443685328143639257e+00
3.185509013767236386e+00
3.190019189344341033e+00
3.191044622423325983e+00
3.182432368450153426e+00
3.155297329847565280e+00
3.158893018247243223e+00
3.185713153184931645e+00
3.152614237335237046e+00
3.084606383572106925e+00
3.151094121591454300e+00
3.065362997998406502e+00
3.045135224850235023e+00
3.080065414999207274e+00
3.034990669913462114e+00
3.080628933567955752e+00
3.100580584013632457e+00
3.075722065536070193e+00
3.100433665717878817e+00
3.027920108126308740e+00
3.037597459201070382e+00
3.091633437892172154e+00
3.060781817099221147e+00
3.026650718685656827e+00
3.081940361729647471e+00
3.067545960416417028e+00
3.011088644815048898e+00
3.092555039900814151e+00
3.068909429170316283e+00
3.055110556782651976e+00
3.071768987926171590e+00
3.080116722627050940e+00
3.060584092370150611e+00
3.017254863633569872e+00
