1.686520995205842421e+00
2.689636611789066656e+00
3.332002258726776578e+00
3.240301379299863171e+00
3.567529433987070675e+00
4.047630884422508402e+00
4.207285355423767470e+00
4.188106287530317218e+00
4.185748635290278408e+00
4.147633679242628268e+00
4.141232132301388980e+00
4.070837068743894172e+00
4.163932407914587408e+00
4.142232684986394631e+00
4.116434803052322344e+00
4.112559379455579034e+00
4.158260025506876900e+00
4.164122317418160080e+00
4.145674595858669598e+00
4.171601887283640231e+00
4.184661127043187712e+00
4.187975176980672565e+00
4.207215994536849024e+00
4.186863859054742676e+00
4.179299092420183825e+00
4.189259417767646099e+00
4.199932930474944648e+00
4.201728716594849367e+00
4.222767730427094079e+00
4.409762424568012484e+00
4.378741936650048849e+00
4.419080009142422938e+00
4.414957996632911552e+00
4.492585313436544325e+00
4.447699244626359238e+00
4.502338552913471403e+00
4.284411560843717659e+00
4.315296592867045256e+00
4.292703501040821656e+00
4.061583023232549827e+00
4.197810126113831863e+00
4.148452691397466197e+00
4.263659776892853692e+00
4.097917459544145657e+00
4.141160053397170415e+00
4.308473544235289943e+00
4.077200741166853604e+00
4.171301768907508922e+00
4.266528088891861970e+00
4.098524943160254175e+00
