1.703739147763623007e+00
3.856191361485250990e+00
3.328329785948795028e+00
3.164597558030816327e+00
3.375787578704085856e+00
3.396961339270035740e+00
3.551695901434433367e+00
3.213884927716188944e+00
3.534191775087834664e+00
3.531056098358051454e+00
3.675652586414464018e+00
3.397398071292343502e+00
3.790883306061651581e+00
3.817218974313500102e+00
3.677000983788348165e+00
3.695546224210033870e+00
3.553755625952338182e+00
3.561264815766585823e+00
3.748272446051051254e+00
3.688892060582153132e+00
3.779110915263188542e+00
3.594899140901195889e+00
3.618391670643581026e+00
3.698126869772101699e+00
3.640584961833597699e+00
3.393626918661668768e+00
3.450812183893933405e+00
3.511028341893043248e+00
3.804930186630971267e+00
3.571096511166658605e+00
3.411719242776235284e+00
3.444265267082057047e+00
3.616543431122895225e+00
3.468528064757598006e+00
3.390372156109941137e+00
3.562887987457514338e+00
3.717849255093954586e+00
3.538410908553823120e+00
3.544440547074877212e+00
3.730705289711297556e+00
3.598549499773017413e+00
3.434539667926578499e+00
3.809236832376972526e+00
3.482198551648946427e+00
3.536683046597616897e+00
3.464991723601912543e+00
3.505329611385444633e+00
3.480351041814088831e+00
3.439725241379000487e+00
3.547103152815231475e+00
