1.577853738134341821e+00
2.578628227779951931e+00
3.015256713328716920e+00
2.934506431404511950e+00
2.930452747053563289e+00
3.460077487134656238e+00
3.886634567774340798e+00
4.053731750937703993e+00
3.975128723275108023e+00
3.994245146403334612e+00
3.964294009079689651e+00
4.022668129526270064e+00
4.003041726832297087e+00
3.903809300424302631e+00
3.993065439080972556e+00
3.959693286613843899e+00
4.006422806240047763e+00
4.017222760338590604e+00
4.000388396873022501e+00
3.982306849843120222e+00
4.066548051438275913e+00
4.242369029655153945e+00
4.312046488456217297e+00
4.332488086530205784e+00
4.311350110460272944e+00
4.274873160033523689e+00
4.346044305714928058e+00
4.285404992401288027e+00
4.347953192555999991e+00
4.229620641321367280e+00
4.289679576040400732e+00
4.335905950645453366e+00
4.291064053371591136e+00
4.352185060998470689e+00
4.358819047576787398e+00
4.299877006711287919e+00
4.320252474681070431e+00
4.249146852754937420e+00
4.309648544939383541e+00
4.288432523481651160e+00
4.280309589673425563e+00
4.285472194118399969e+00
4.232138633225660307e+00
4.202352103838869368e+00
4.280489965156202281e+00
4.195719395207632374e+00
4.354458930676705641e+00
4.295620268558106858e+00
4.282528475431004011e+00
4.221820145455462914e+00
