1.514037678914596619e+00
2.832753924157480618e+00
2.761759368989515906e+00
2.779415051443431040e+00
2.895650702337758453e+00
3.043535056774710590e+00
3.170541284226606749e+00
3.436569982061824291e+00
3.388831134151975899e+00
3.346134533960932078e+00
3.313386123337189737e+00
3.366501893248401878e+00
3.287907540130694084e+00
3.292855552684486042e+00
3.297456390890169953e+00
3.277403906505067521e+00
3.253952968814425084e+00
3.219331972428511879e+00
3.244665705560175528e+00
3.280467895732016359e+00
3.246867988137767558e+00
3.234665692602627374e+00
3.217679932582842017e+00
3.246260981990756189e+00
3.265372655519557465e+00
3.216917334508891280e+00
3.197913390644694598e+00
3.212862997966076772e+00
3.287584093643987515e+00
3.224980728192622159e+00
3.175974441456422603e+00
3.263812795022298818e+00
3.173682852130435883e+00
3.222721632234045064e+00
3.192634469940691222e+00
3.218329226745006544e+00
3.132053369577790569e+00
3.255867446918130348e+00
3.242178170996098174e+00
3.245699768896504356e+00
3.197876837006029316e+00
3.245017621651404838e+00
3.289357445391703383e+00
3.262981518446654849e+00
3.162121533636223170e+00
3.273990424719763315e+00
3.268469497586595995e+00
3.272349291180943087e+00
3.248513437493710132e+00
3.256632063442038039e+00
