-2.887193883488228807e-01
-4.820217717724710194e-01
-1.979594471473677120e-01
-9.999999999989936939e-01
-2.951145383243375386e-01
-3.080687878243286160e-01
-9.082288968036135168e-01
4.789364923284776809e-01
-5.186224902241589607e-01
-2.917262204832873906e-01
4.625551849083849032e-02
-3.997953514249818346e-02
-1.544101524981322804e-01
-5.222721723873108290e-02
-8.674879305202976010e-02
1.028097980421839031e-01
6.809363668297701011e-01
5.853816653284870108e-01
5.595483663296840771e-01
2.783743894647325856e-01
5.668435230622072274e-02
5.987567364860221231e-01
-5.770861397710356222e-01
9.384557393596827390e-01
9.945492001325448861e-01
3.325285959980501804e-01
3.594436940017896598e-01
9.999423499174894259e-01
5.537788035708756107e-01
1.863969327971721490e-01
4.172955708574188072e-01
-1.505356350321874759e-01
8.432337991595364457e-01
6.294519552063345680e-01
1.628179085519183486e-02
4.888032871788054456e-01
5.257011922387129221e-01
-2.722180865893233936e-01
6.510871086552639797e-01
-3.164098325729898797e-01
9.914145782330244239e-02
4.744274732434095032e-01
6.631901339910529769e-01
2.436032203466257096e-01
8.578922241549962191e-01
3.360874767036406974e-01
-6.445259848164171246e-02
-5.289908103024720983e-03
-1.069542966745529872e-01
4.135421606474348200e-01
7.299301746803005253e-01
2.692071612896115296e-01
4.637507103482585435e-01
7.984266208494095185e-01
-4.266563796948305010e-01
1.443589900465536702e-01
8.293085290862909353e-01
9.959029002224618621e-01
9.988514912739154816e-01
9.999998975815794777e-01
-5.858021645498003860e-01
-3.097779699986586421e-01
-7.120510682022338500e-01
-2.830425884640900835e-01
-1.941743923697249463e-01
-9.868542155013153572e-01
-7.609143392316265742e-02
-2.540422156684055133e-01
-6.048847458934385468e-01
-4.938957634903348715e-01
2.520670144797429457e-01
-2.240593191023366737e-01
-6.804675451873304359e-01
-1.762796499781380533e-01
5.999667672407096308e-01
-3.982133492804802444e-01
8.687325998727231102e-01
-7.185451182889062149e-01
5.722604679517558912e-01
2.915607282905793296e-01
-2.807392338260075726e-01
-6.897317021637820733e-02
-2.399115513863146754e-01
7.323641191970939879e-01
6.308966091882335370e-01
5.189327991725822126e-02
6.045748687600588367e-01
-4.451831405881527814e-01
9.999995469519329383e-01
9.999999659900224991e-01
-3.321121935321940111e-01
8.225303494831945894e-01
-5.042194264792307715e-03
-7.595789360748896879e-01
5.213338973854826364e-01
-3.027423499781710658e-01
-1.851456331289864365e-01
-4.834836811797137840e-02
4.009205106155047660e-01
-2.804545536477768761e-03
8.006792341677583247e-01
-5.375284437878877775e-01
9.987573665395964584e-01
4.990244659431468111e-01
-3.656350052243537152e-01
7.118852044539042412e-01
4.603494326249616964e-01
8.303920477535865485e-01
-5.204568064886511830e-02
3.160284780203263116e-02
9.932980216743393376e-01
3.437014583953308666e-02
1.596227600764471566e-01
7.202938748006295633e-01
-3.387612923961252354e-01
8.986720794068645546e-01
6.651452316431538669e-01
8.862866296897707885e-01
9.132100682662334101e-01
4.382229621868805602e-01
2.221128363167656494e-01
-4.781518915534146985e-02
-6.829496297718755382e-02
4.062842393412510744e-02
4.307227061396595724e-01
2.053973239939873296e-01
2.705833693203358870e-01
-4.474028367672950313e-01
4.344775002138108189e-01
-2.684818749567430829e-01
2.278462690444318650e-01
-2.382038655513792624e-01
8.749857244454745109e-01
-1.618319673791690158e-02
1.000000000000000000e+00
-3.247143863981487577e-01
9.289331685056224641e-01
-4.323532708044710016e-01
4.642817436685797161e-01
1.000000000000000000e+00
-5.055322292210594481e-01
9.702900390948107079e-01
6.859929469186011319e-01
1.286991420970300670e-01
4.898525094924519041e-01
2.680738495125359333e-01
4.622922528650825202e-01
9.999999636571802464e-01
5.012282744996954253e-01
9.999999995978126055e-01
9.223003813288664920e-01
