7.443682290381379296e-01
-5.304542581323167250e-01
3.642083265010084281e-01
9.080773104632447468e-02
1.155681936323141729e-01
-1.692706966138409763e-01
-2.551511800027300159e-01
1.846026581305956760e-01
-2.666735194144347898e-01
4.312522113475103502e-02
-2.705881282769790827e-02
3.693901494419039033e-01
-4.726462502268993227e-01
3.755425339978487598e-01
8.379412784377540113e-01
8.762958972612433506e-02
-1.022376579286113779e-01
7.143920702120070132e-01
-1.065326040980244110e-01
-9.418430418142209604e-01
1.757023664865464685e-01
-8.789355007475199155e-01
6.822402000002807387e-01
-3.914046205532932809e-01
-6.895046198455714315e-01
1.265253109325168435e-01
6.826000347645837518e-01
2.101081829053819128e-02
-7.165525933435226147e-01
-3.545989573908889803e-01
8.867893550697361627e-02
-4.416491108627025319e-01
-9.118184038003905867e-01
-3.660209924741508192e-01
-3.920684513488983253e-02
-8.979750149876070120e-02
4.454088360572742156e-01
-4.808734970627940863e-01
-1.411376724755401268e-01
5.669312862220986515e-01
-3.628091854165633179e-01
8.495788012433126424e-01
7.957637181975492080e-01
-7.838500719182800447e-01
-7.858746855696365774e-01
6.249901380266729145e-01
-9.340736915989619193e-01
8.880012740795093507e-01
4.606693372211283499e-01
4.244264684284868583e-01
-4.801863220045692326e-01
2.179275697197839978e-01
6.043121925329537625e-01
-2.056755327555319646e-01
-4.288892614010113569e-01
1.277542490951304455e-01
2.677347345756240227e-01
-7.058480520236409816e-02
-4.907156242473107444e-01
-4.731307735391432345e-01
-3.265696346769128011e-01
-6.094173407572589518e-01
-2.868786017095913410e-01
-4.678256919532195607e-02
2.341702024242553748e-01
-5.192186942528512900e-02
-6.671048488863133841e-01
4.971517978609242272e-01
-2.351011560788666618e-02
-4.287108379215738285e-01
3.298542591752914310e-01
-6.895582101708741529e-02
5.477407896479674632e-01
5.675105205125017260e-01
2.035357690832655109e-01
-7.215160267147791018e-01
6.342552568316388306e-02
-9.772062902062541578e-01
4.416861554152933800e-01
-3.456653432317859376e-01
3.588397249752968143e-01
-1.174970800884334032e-01
4.703170373169660579e-01
-2.782177577051057060e-01
-8.591704136849924733e-01
-4.795374089867414646e-01
2.779300416772803040e-01
-5.386618715874003094e-02
2.004176340527059619e-01
-6.297331776150769667e-01
6.846557934583346050e-01
3.818043783378735623e-01
-1.370452349162952221e-01
-1.176403749327716297e-01
-4.248819215677254180e-01
2.052726219601131719e-01
4.312628005075089255e-01
-4.490209679293097333e-01
-1.726038223095542334e-01
1.784518022968849260e-02
3.467266249005304113e-01
6.727505009978890227e-02
2.984991958364573844e-02
3.230155128223027861e-01
9.415626198432446303e-01
5.961237710458746619e-01
2.921035801255610909e-01
-4.952520589738417245e-01
2.308546502556597657e-01
-4.097355248687237217e-01
-8.986492505506473716e-01
-9.393762958227156457e-01
6.791173733516688849e-01
-2.560472462552656481e-01
-2.241804195793815069e-01
3.221129292053295234e-01
-8.654260362054977396e-01
1.412159714002509947e-01
7.572027784533159611e-01
-2.888803411457210313e-01
-8.444371379368957875e-01
3.418862978905167771e-01
-8.189343304589998818e-01
7.637760790234310315e-01
7.715605772909923943e-02
-5.927906217581236925e-01
2.681901857044838855e-01
-7.672917557038291259e-01
-6.124516647355607857e-01
6.259049068370026170e-01
5.066886385386849129e-02
2.322060921753450746e-01
8.524174857280805151e-01
4.388400800971906657e-01
-9.838036402335521569e-01
3.899670714474686717e-01
-8.926267089520077969e-01
1.415652172998321245e-01
3.829392202255514355e-01
-3.122240340773253103e-02
8.600580180194288271e-01
-2.755199370002880954e-02
8.293672266797329495e-01
4.959666911376681142e-01
9.886529955150917814e-01
-3.828134283424560191e-01
7.131655185163698896e-02
-4.323715756969179758e-01
1.099567665398797356e-01
-8.380092589675229853e-01
4.120967979651161683e-01
