-2.849996288485948104e-01
-4.722646730411595439e-01
-1.790270049518761231e-01
-9.934258766959043196e-01
-2.515034246347092051e-01
-2.413140343884657979e-01
-7.777103601140876732e-01
7.411013690282939326e-01
-1.386662190958182217e-01
5.311335884256741802e-02
2.343466233852797009e-01
1.932506523833874348e-02
-1.430831461655224512e-01
-4.684963610841255677e-02
-8.065049791816954194e-02
1.080038927114476965e-01
6.854995807911418160e-01
5.907039505038436111e-01
5.671993281262237563e-01
2.896725686033845282e-01
7.184705567002463988e-02
6.160257160972865131e-01
-5.617964000409314540e-01
9.483517721461828254e-01
9.992295645236634050e-01
3.341709049518810093e-01
3.598477917529788739e-01
9.999940106037971121e-01
5.537723618160264039e-01
1.863915609133488804e-01
4.220638006042074508e-01
-1.393002363424540313e-01
8.632251241822043175e-01
6.586384267143835514e-01
5.542105037353900476e-02
5.488064019742691091e-01
6.508385308840438643e-01
-1.342955833846426125e-02
1.000000000000000000e+00
3.118594259458280435e-02
3.007696977354326062e-01
5.516337325925085855e-01
6.881247317139621567e-01
2.572807451211123198e-01
8.696291003676637210e-01
3.458453376435745019e-01
-5.595388608272928999e-02
3.321785149783610270e-03
-9.691881910079565288e-02
4.259495745514592646e-01
7.445288374049215951e-01
2.842233218437950626e-01
4.761110579591404934e-01
8.060642264990313111e-01
-4.231452178613068216e-01
1.455474437463389614e-01
8.295497156005877670e-01
9.958805294689457854e-01
9.988076372295584537e-01
9.999998723449581295e-01
-5.798920991588233376e-01
-2.978608483348061386e-01
-6.941835196560246501e-01
-2.617576979671560888e-01
-1.709050933623193491e-01
-9.525922636660663079e-01
3.566808728577259158e-03
-8.157449271713657080e-02
-3.529904982586548057e-01
-2.588387027952103181e-01
3.993839387898707183e-01
-1.520208945939622858e-01
-6.437282230074923284e-01
-1.520480118684784387e-01
6.176089487342429907e-01
-3.856629951761723074e-01
8.783941171544898951e-01
-7.099706559411470552e-01
5.808322005383280695e-01
3.005042070687977129e-01
-2.719720532311920014e-01
-6.140958051009987040e-02
-2.344863607997387800e-01
7.354266156837413471e-01
6.322173165624094260e-01
5.228043278901634699e-02
6.045713782264939828e-01
-4.452863698386331781e-01
1.000000000000000000e+00
1.000000000000000000e+00
-3.256112292326986957e-01
8.340062154355628588e-01
9.369821828744618469e-03
-7.460344017750345502e-01
5.324846851448598040e-01
-2.875555486789213577e-01
-1.450419623339430919e-01
4.172252594965310951e-02
5.304298247022762869e-01
1.161277396029389147e-01
8.788199250748943703e-01
-4.897538235956592767e-01
1.000000000000000000e+00
5.255798025582568700e-01
-3.487273447500028323e-01
7.208795306747598497e-01
4.656197095085800042e-01
8.342091541263549903e-01
-4.853723080656635602e-02
3.533625220752452389e-02
9.967633920831457939e-01
3.695153384278779263e-02
1.612142444694289189e-01
7.211137015024876584e-01
-3.384297596057000979e-01
8.987416241396607441e-01
6.650970382567650274e-01
8.862108165585202979e-01
9.131566723480781800e-01
4.382004044806746546e-01
2.268594461663590856e-01
-4.032675659633550708e-02
-6.021386097535253584e-02
4.685662799375973908e-02
4.347566928550443133e-01
2.107104007233909226e-01
2.861455157080325939e-01
-4.123801502402615338e-01
4.826425250753079155e-01
-2.269941468623569159e-01
2.547189463470822535e-01
-2.176978967857687575e-01
8.957806313746480287e-01
1.781583727249541832e-03
1.000000000000000000e+00
-3.222917122678203294e-01
9.286997936974216161e-01
-4.333872186182464725e-01
4.634372289314972471e-01
1.000000000000000000e+00
-5.047659653077407604e-01
9.710014026244457863e-01
6.864756113314989250e-01
1.289971758312096206e-01
4.900015905851276554e-01
2.681265679075467978e-01
4.623042448202656085e-01
1.000000000000000000e+00
5.012220714168397206e-01
1.000000000000000000e+00
9.223003813288664920e-01
