-2.857517471324835800e-01
-4.721878918659827007e-01
-1.751889080898074713e-01
-9.855335137753350461e-01
-2.444143136588747267e-01
-2.451387745830930776e-01
-8.156200083449860472e-01
6.441929520430252909e-01
-2.684204819960175348e-01
-3.776914880541928227e-02
2.066207547122728694e-01
2.049726433429817016e-02
-1.409224505692397988e-01
-4.843809162160307019e-02
-8.339337084806390521e-02
1.058039230363405081e-01
6.839581165894963455e-01
5.895072859539024490e-01
5.663217677893126467e-01
2.892199036838749571e-01
7.176321727263834660e-02
6.161119511781463221e-01
-5.617067839597065237e-01
9.483971191801643386e-01
9.992478268068694103e-01
3.341788911478069668e-01
3.598512933702875949e-01
9.999952715892840294e-01
5.537727210750144069e-01
1.863916441492824982e-01
4.221249532399530269e-01
-1.381073077852273678e-01
8.672572008214853856e-01
6.652507147483801564e-01
6.097175760305702241e-02
5.455265561840888511e-01
6.214439676423367809e-01
-8.459559762209700740e-02
9.392712055030925100e-01
-2.358093459343620080e-02
2.913899527834234449e-01
5.591538037693184471e-01
6.928176222770632275e-01
2.569780678420826581e-01
8.673675863523035989e-01
3.437218483088375631e-01
-5.742646756337799890e-02
2.423805576475080142e-03
-9.733635314092788093e-02
4.259011218604679128e-01
7.446840206816568442e-01
2.844088092339123186e-01
4.762276139303324718e-01
8.061125534448991825e-01
-4.231278818736970981e-01
1.455551829327981495e-01
8.295536024881661197e-01
9.958822583689874719e-01
9.988082803835820478e-01
1.000000000000000000e+00
-5.788399822288702312e-01
-2.954120420789057011e-01
-6.905309367042722357e-01
-2.578552167594930222e-01
-1.680978459403645875e-01
-9.535882707893156285e-01
-7.155093977220179299e-03
-1.057379663663604585e-01
-3.794333647550536814e-01
-2.701131085201659010e-01
4.034989383052501877e-01
-1.443214993195506834e-01
-6.389306820496122308e-01
-1.501396120892438679e-01
6.180023851836021764e-01
-3.863079484598090363e-01
8.769832621630013758e-01
-7.112587726936228094e-01
5.802820804800910004e-01
3.005149708534153308e-01
-2.717822680324485374e-01
-6.125235123073759919e-02
-2.344201466496074471e-01
7.354337587397470344e-01
6.322140284818543732e-01
5.228396190389224263e-02
6.045777392531820338e-01
-4.452817378046666219e-01
1.000000000000000000e+00
1.000000000000000000e+00
-3.247932297248060096e-01
8.361609322649334874e-01
1.209518130521541543e-02
-7.438490756168464335e-01
5.338307186566668694e-01
-2.872655452481614469e-01
-1.466332939764489751e-01
3.776825509328270852e-02
5.261471012841498762e-01
1.145003440649214749e-01
8.798207793334642535e-01
-4.878069246586901886e-01
1.000000000000000000e+00
5.300960902551318243e-01
-3.443907742999863797e-01
7.213539296101432186e-01
4.614401576197349475e-01
8.288785477559061921e-01
-5.196491864111086462e-02
3.388789413420892349e-02
9.962818968447332280e-01
3.678102626323467156e-02
1.610896216633263267e-01
7.209989939123564451e-01
-3.384925859782662028e-01
8.987321211202961013e-01
6.651092154091887698e-01
8.862226286812421305e-01
9.131625886666798753e-01
4.382022941607901512e-01
2.269336153560566893e-01
-3.933577991503703353e-02
-5.876305134147798148e-02
4.793905021070364592e-02
4.353211784484380953e-01
2.108294160020662278e-01
2.855057735433097488e-01
-4.143913906621607968e-01
4.794144318734517296e-01
-2.302501403835955918e-01
2.521060162999293475e-01
-2.193024783886753371e-01
8.970353680013193332e-01
7.155664831475964417e-03
1.000000000000000000e+00
-3.219256464500520054e-01
9.218590088299668528e-01
-4.421210623425343988e-01
4.575725949594809383e-01
9.978688012635222870e-01
-5.058470471414220349e-01
9.705548894170191732e-01
6.862077104173747166e-01
1.287972279396079334e-01
4.898965400320267061e-01
2.681059782088335286e-01
4.623186734879330406e-01
1.000000000000000000e+00
5.012301666156995239e-01
1.000000000000000000e+00
9.223003813288664920e-01
