-2.876570313925709832e-01
-4.774449944574062910e-01
-1.822690815090489969e-01
-9.873641272316494577e-01
-2.387346129744770118e-01
-2.449474002260758343e-01
-8.529849590498835843e-01
5.220208740271732317e-01
-4.827889947181401853e-01
-2.585792264634592108e-01
7.629098383990033649e-02
-1.648332380071879100e-02
-1.391015895274569369e-01
-4.341266778216183730e-02
-8.174121222496508188e-02
1.066650507699017925e-01
6.868253943744832002e-01
5.942574251976840971e-01
5.677665807613329063e-01
2.819308172069501794e-01
5.273546966587826929e-02
5.844084206713976437e-01
-6.027534631092393846e-01
9.037850573004794219e-01
9.605255313450614674e-01
2.917838106452011471e-01
3.194780924805000200e-01
9.810037615355180485e-01
5.120059546817496976e-01
1.540669486177622671e-01
4.201104071235953197e-01
-1.427811053293612797e-01
8.618819733502065539e-01
6.649529629754188376e-01
6.653281223187257343e-02
5.429104195318122938e-01
5.741152545568304344e-01
-2.294829556194037945e-01
6.934042004731877373e-01
-2.739693982963642971e-01
1.368708064771753663e-01
5.034875335597068791e-01
6.846024066371990680e-01
2.608894652177434215e-01
8.730135991784285787e-01
3.489490729924981660e-01
-5.592777676659325958e-02
-5.046492713813501875e-03
-1.170587930352995076e-01
3.961225092020437266e-01
7.083358770609108346e-01
2.428493769914195632e-01
4.306740576434536782e-01
7.560017054981107432e-01
-4.815553909613451977e-01
7.567138348478714971e-02
7.457675801854771747e-01
8.976552228040131087e-01
9.004690987347238051e-01
9.374224293218118564e-01
-5.818428293889092995e-01
-3.010828359216367045e-01
-6.966552626986947105e-01
-2.604434791762716417e-01
-1.672173654305390278e-01
-9.604164956934693187e-01
-5.206912471383686597e-02
-2.284629366245820858e-01
-5.732832309153402806e-01
-4.592458218340927378e-01
2.824954697057894815e-01
-1.996717185969257291e-01
-6.572706119381958034e-01
-1.504179655207840693e-01
6.277793482286637694e-01
-3.720833345182436580e-01
8.856232911550533382e-01
-7.190825852671975937e-01
5.557632506045110388e-01
2.715071738510730914e-01
-2.930683646881424020e-01
-7.155583405043978995e-02
-2.387232553949993896e-01
7.267757514260620999e-01
6.080636879332506073e-01
2.922236831490263292e-03
5.215927856673517882e-01
-5.573606716261608751e-01
9.216120581207426499e-01
9.574687605627467679e-01
-3.293485360763849790e-01
8.279208142867700015e-01
2.907365540571535314e-03
-7.500833270435466327e-01
5.307558433128003461e-01
-2.947120092698816141e-01
-1.779475944449475100e-01
-3.892119626662408211e-02
4.148748710402809237e-01
1.244557758298610664e-02
8.119770929761341849e-01
-5.284127181285015462e-01
1.000000000000000000e+00
5.206413851524790415e-01
-3.389124706115779206e-01
7.412684891302527834e-01
4.855808681006255623e-01
8.418801580090471415e-01
-5.294962740227196485e-02
3.312274799077431775e-02
9.999999999997102318e-01
6.969827749679553819e-02
2.035523045398510700e-01
7.635690448202899772e-01
-3.000196823590588480e-01
9.240835574337610270e-01
6.621732460928260178e-01
8.575287048144747404e-01
8.837014527864655022e-01
4.252277632748677760e-01
2.230336172998652333e-01
-4.625113223976575622e-02
-6.629863375180738982e-02
4.274599198033746106e-02
4.326214668147613240e-01
2.068427519081258437e-01
2.718213020823983528e-01
-4.455402267560045759e-01
4.372047194320098917e-01
-2.670318985871663608e-01
2.256021907575985197e-01
-2.414911200418450865e-01
8.765776877883272311e-01
-8.517582627762719516e-03
1.000000000000000000e+00
-3.068511069895207832e-01
9.498725093598553437e-01
-4.168295633790715660e-01
4.730121479280288144e-01
9.999999999999991118e-01
-4.812553670128237315e-01
9.999999999908292247e-01
7.293660229495363412e-01
1.799819272968635475e-01
5.562805097210318239e-01
3.443286472921796015e-01
5.303182033937972051e-01
9.999891300393202176e-01
5.514861963452670768e-01
9.999882545983143078e-01
9.223003813288664920e-01
