-2.872306251381921971e-01
-4.767665068527756622e-01
-1.840453349863348798e-01
-9.953046867494592664e-01
-2.481264151555198083e-01
-2.435694312751417734e-01
-8.379298209221479610e-01
5.400673033043892346e-01
-4.710949265731480540e-01
-2.554701013679434030e-01
6.901339640906281603e-02
-3.232666991033254084e-02
-1.554086691478174798e-01
-5.424364909537511548e-02
-8.775744192378200081e-02
1.005460933463774020e-01
6.725448881285427394e-01
5.645134706809187275e-01
5.234637395691712491e-01
2.317119375915579482e-01
7.101589104380428077e-03
5.525355562717142455e-01
-6.137134609474184099e-01
9.164566938631775184e-01
9.861252842575936040e-01
3.316805907293333133e-01
3.609107437348713088e-01
9.998846453866800932e-01
5.547041903752369940e-01
1.867591177452020135e-01
4.196689231440698387e-01
-1.440272244413235425e-01
8.575697587730529703e-01
6.552267446369649528e-01
5.578271157325379037e-02
5.408789029255577363e-01
5.830424713581791041e-01
-2.171850837122662192e-01
7.039000845530534178e-01
-2.656945622106345883e-01
1.392502122029392608e-01
4.968354594432108917e-01
6.722158044349129113e-01
2.478945246889263099e-01
8.611419644268977214e-01
3.365303221316987559e-01
-7.137249555383755328e-02
-2.399504762514782091e-02
-1.377841099082325049e-01
3.753846824607904864e-01
6.901478354081083122e-01
2.319461327530310257e-01
4.341535486964408497e-01
7.821768172815333209e-01
-4.288854484034180237e-01
1.504394387545432699e-01
8.367707132131994019e-01
9.994967337810694019e-01
9.985537238939318216e-01
9.986122967850304954e-01
-5.829384555292485004e-01
-3.033654568354864356e-01
-7.009204342422891143e-01
-2.671660841411448994e-01
-1.742441949202800655e-01
-9.636651431871795515e-01
-5.044399386789716333e-02
-2.246221748482084835e-01
-5.686000606433271320e-01
-4.531087067021063453e-01
2.886493527728310471e-01
-1.966541358922246352e-01
-6.598319112036701295e-01
-1.581780309750154545e-01
6.182833869744064348e-01
-3.797089461574280067e-01
8.841004690595356541e-01
-7.096294038883932398e-01
5.738095142347821032e-01
2.870435035042347982e-01
-2.887511680922877910e-01
-7.769732620433421333e-02
-2.452999882324351510e-01
7.359506984988903877e-01
6.462311202652976094e-01
7.380145309377462992e-02
6.230973885280682856e-01
-4.354495116964745560e-01
9.957106972150590041e-01
9.962538789253050364e-01
-3.298505227108877724e-01
8.272079999675541195e-01
1.899990015692616750e-03
-7.517194988510982334e-01
5.287431754729742250e-01
-2.959896446029356976e-01
-1.777881629721691503e-01
-3.799352836286348095e-02
4.151580413696600580e-01
1.187327628629348750e-02
8.135708139259911764e-01
-5.209068848676943198e-01
1.000000000000000000e+00
5.325636245985639894e-01
-3.224214762221925268e-01
7.689392989442516146e-01
5.267950054751409095e-01
8.950439028261197860e-01
-2.724475846861010102e-04
6.513184775009367433e-02
1.000000000000000000e+00
4.556881501558734948e-02
1.710769560853875604e-01
7.408887528964812619e-01
-3.035618009435141484e-01
9.402615503645743722e-01
6.950198336531702159e-01
8.965381231470004320e-01
9.115379111517272204e-01
4.345709624873243526e-01
2.230953770912992296e-01
-4.582023017670969200e-02
-6.554164378466879881e-02
4.333039065244007060e-02
4.327495410386077435e-01
2.068414642594626762e-01
2.721629660811419882e-01
-4.450915622749315181e-01
4.362523397386126600e-01
-2.701663648420440933e-01
2.247796119068108944e-01
-2.322661147257958358e-01
8.965715922885820754e-01
1.862997071607393196e-02
1.000000000000000000e+00
-2.479958714035876977e-01
1.000000000000000000e+00
-3.348780942063530053e-01
5.433388035354586032e-01
1.000000000000000000e+00
-4.777809958982092708e-01
9.856876231617119899e-01
6.997132257772993302e-01
1.521188001105498455e-01
5.300478828916891372e-01
3.147962429714156185e-01
4.930725336535672909e-01
1.000000000000000000e+00
4.954901749151852663e-01
9.938301436565311064e-01
9.223003813288664920e-01
