6.870897430245670456e-01
2.952229996984558347e-01
7.345490711283181318e-01
4.598814646555964281e-01
-8.450892435444884443e-01
3.471813045928945352e-01
5.063479414683628868e-04
5.526485758355724753e-01
-2.291025249301402167e-01
-9.904755297388021518e-01
5.194850726731263801e-01
9.385053680651556096e-01
4.527256637781296167e-01
4.921282428589585090e-01
-9.895928212442002547e-02
-6.708651758269669196e-01
9.738416648824045341e-01
-3.834859185543854632e-01
8.924267908463027199e-01
-7.792986968764777922e-01
-9.995693656257128579e-01
1.027820762794705856e-01
-1.606867394232282531e-01
-3.793248499097857662e-01
6.121483403655203492e-01
8.954620238127233289e-01
2.455574965567085544e-01
-6.643862560448066112e-01
6.398783542660085866e-01
1.230940642070193630e-01
-8.270441146986482472e-01
-2.287894397536420765e-01
-3.698755023624535343e-01
5.968414645183299783e-01
2.178523793849885815e-01
-3.875949996499170602e-01
6.840728006692842200e-01
-3.053811538932688086e-01
-9.744647440804647676e-02
9.920051406623002777e-01
-2.756404748186473963e-01
1.305522266669869591e-01
9.959593485063302776e-01
8.349758352281650975e-01
-1.085632437504264469e-01
-1.123479645994412690e-01
9.853241498123750386e-01
9.678082338560449471e-02
8.347254161210170276e-01
8.377689565584198195e-02
-5.988705646529616233e-01
-1.000000000000000000e+00
-1.587245536743383534e-01
-2.753096333246896066e-01
-9.283651789585289915e-01
-3.373822076164853523e-01
-8.518355328714563024e-01
-1.000000000000000000e+00
-7.326476702338690083e-01
-4.165098468873405513e-01
6.509779146221084112e-02
9.566289954488989000e-01
-6.957348940273541116e-01
-3.561574170949414198e-01
5.213902533335394995e-01
1.114558824944722332e-01
-4.197579874258998700e-01
3.610306027017030905e-02
-5.045620405394859453e-01
1.131262107430624220e-01
-6.175600702192965974e-01
9.173309611971728339e-01
-3.654757541726080805e-01
6.265616665053977963e-01
-2.350125762151269726e-01
-6.640604081671062087e-01
3.096133068120019427e-01
9.074698927492106382e-01
-1.687189113710773625e-01
-7.047105857269336804e-01
7.792362402233668495e-02
-1.000000000000000000e+00
-9.932197972891316784e-01
-2.161620588357496542e-01
5.952867260120306980e-01
-6.302502738215472189e-02
-5.154477807450140725e-01
7.175749860540305836e-01
-3.476830763541218783e-01
8.033364210108354664e-01
-1.688007020005894698e-01
3.363153500272280660e-01
-5.906123539865452132e-01
6.063216055041606989e-01
1.003941204895245493e-01
-9.299285974701059221e-01
6.993849356225725344e-01
-6.590596225816539033e-02
9.466387905394871849e-01
-2.385112552033058150e-02
-6.215421251410101489e-01
8.785331470823352085e-01
8.447913034872266413e-01
7.166555087860522200e-01
9.900692718307813056e-01
6.635793781025655091e-01
8.158669733417890368e-01
-3.068872798347382358e-01
7.407255398409385849e-01
4.078129900906226069e-01
-9.611404440241979596e-01
-8.516940846434277734e-01
-7.982020075605654741e-01
1.729740327679190892e-01
-5.438540602696761983e-01
5.219382548443751713e-01
-9.821739177136560306e-01
8.616236253960994906e-01
-5.806595067096327334e-01
-1.203158678590293684e-01
3.841557548621800100e-01
-6.316285783974302515e-01
3.002717826580121874e-01
9.580480349137542317e-01
-9.698860219769424029e-01
5.945767862990462005e-01
-8.405879039215132797e-01
-7.095285905917327884e-01
1.732878636793409866e-02
7.148300928833147827e-01
6.968987126762585804e-01
2.536629413170124470e-01
8.788640343552736600e-02
-3.817770333593973331e-01
-4.804102748172887072e-01
-2.594655479786572294e-01
7.301969768152833939e-01
9.371195823886016019e-01
5.755574278692544565e-01
7.652549014688904139e-01
-2.940073657815306940e-01
-6.914197696521947600e-01
-1.350976923461362500e-01
-4.051514196124241796e-01
-1.000000000000000000e+00
6.691057682478486202e-01
-8.297705855891914783e-01
7.769705219294390508e-01
-4.222603261921773488e-01
-8.040771758316999085e-01
3.653906239846951842e-01
