-2.827213035887416459e-01
-4.615378642775854190e-01
-1.446401297434347644e-01
-9.248516430666480215e-01
-1.677004448301955830e-01
-1.907790036085029173e-01
-8.268251861522595281e-01
5.251930348920226255e-01
-4.964979008723324760e-01
-2.844621086331077242e-01
4.808508257501657723e-02
-3.659978240770772606e-02
-1.485967407818663821e-01
-4.552432859806700843e-02
-7.759309050438163713e-02
1.196548027055933106e-01
7.022413994014630179e-01
5.900885505506795470e-01
5.378346687911833568e-01
2.545084732651111126e-01
5.164400957317864110e-02
6.061180903287362032e-01
-5.703718556932141359e-01
9.389057639121239918e-01
9.931740717572041799e-01
3.177090133263749672e-01
3.382324863770588275e-01
9.969906835532389433e-01
5.276454232258563914e-01
1.660678200229591672e-01
4.267516259445771065e-01
-1.258836125175726572e-01
8.952770871079214210e-01
7.149449981655149333e-01
1.203964606365657830e-01
5.827309676335691302e-01
5.923120310588243509e-01
-2.293377915182368554e-01
6.807601041964657096e-01
-2.931950342797203790e-01
1.200445516473679780e-01
4.945420147585807835e-01
6.820481923789077916e-01
2.614095972070465401e-01
8.773059206456210735e-01
3.619745942561254370e-01
-3.486201464541506534e-02
1.031458138796134683e-02
-1.152086208281000168e-01
3.975300992457510008e-01
7.215847067469179921e-01
2.654691585331103720e-01
4.574023380800697480e-01
7.865531241467672574e-01
-4.469267550921647847e-01
1.111951141802786230e-01
7.816230668307821983e-01
9.387241338153116121e-01
9.440871885809476449e-01
9.700605228379727274e-01
-5.770649763562610834e-01
-2.911164397952294425e-01
-6.806119347198227310e-01
-2.398338055701718097e-01
-1.470207283081088889e-01
-9.467636764766359514e-01
-4.857238973584047936e-02
-2.366335775411052278e-01
-5.915746680901157184e-01
-4.788850936732049202e-01
2.714747713359915160e-01
-2.015942243570791603e-01
-6.556938318571814417e-01
-1.487031609681234712e-01
6.295935805887856729e-01
-3.673770377103657281e-01
8.973022242755778199e-01
-7.009596062418068652e-01
5.740885269408942948e-01
2.832051777915387536e-01
-2.931686149086133453e-01
-8.466122130496217535e-02
-2.585580763306871144e-01
7.110615937381276064e-01
6.029808672900818234e-01
9.287980634254794018e-03
5.427784831044938363e-01
-5.181531493626282403e-01
9.673877113578750464e-01
9.898819826365432561e-01
-3.278968280731605622e-01
8.305467641592522154e-01
6.598054379178900850e-03
-7.458195818833676105e-01
5.345455376473807751e-01
-2.929617700513849621e-01
-1.810077319637631299e-01
-5.144774984779131727e-02
3.917040628926684032e-01
-1.232838485173845013e-02
7.966997825202123407e-01
-5.329343361644492960e-01
1.000000000000000000e+00
5.253016656807584228e-01
-3.365789083150595995e-01
7.364022464864601325e-01
4.766758906968009968e-01
8.367137913372233449e-01
-5.516893301472312883e-02
2.173512816932984121e-02
9.790344497752018205e-01
1.731523630932033792e-02
1.414204558003342993e-01
7.010760383436820398e-01
-3.624507009387218370e-01
8.639816847076465800e-01
6.155686879589603588e-01
8.292334230025054653e-01
8.650617447800771354e-01
4.096713166071389578e-01
2.231477079496027582e-01
-4.609631896028630604e-02
-6.605536084958912868e-02
4.310094414762701692e-02
4.329323787712290872e-01
2.066059212175870297e-01
2.694215301344752289e-01
-4.532426792193864351e-01
4.230147212723288641e-01
-2.825964879325025270e-01
2.158481546302033205e-01
-2.430492014615440732e-01
8.819276043083023042e-01
7.933389715032809113e-04
1.000000000000000000e+00
-3.134474512482052222e-01
9.319856912454460574e-01
-4.362746046849189652e-01
4.556101671667904807e-01
9.968441504027152344e-01
-5.174923421173626137e-01
9.585309012747010859e-01
6.746138770690961461e-01
1.165555580435016780e-01
4.749706141364842260e-01
2.478588151971737596e-01
4.349718036531667886e-01
9.916651009574756204e-01
4.763003537791643538e-01
9.975110180676292071e-01
9.223003813288664920e-01
