-2.868920819366780894e-01
-4.757783916317649964e-01
-1.821739396716838266e-01
-9.942002349002739825e-01
-2.525163256254872590e-01
-2.569261887998240956e-01
-8.527720340021087697e-01
5.411552303215081405e-01
-4.529654722889479013e-01
-2.472079684235513608e-01
5.040707824842816098e-02
-6.174524388178841139e-02
-1.754522090389376843e-01
-6.239140350567023985e-02
-8.949888605422043342e-02
1.032668000712501782e-01
6.830581273842443180e-01
5.890152521782167083e-01
5.656396427196743737e-01
2.883157757623736606e-01
7.084900502110332010e-02
6.153731658141116112e-01
-5.621845415136481616e-01
9.481532270347232672e-01
9.991477818731749894e-01
3.341449271976546509e-01
3.598416392554125154e-01
9.999929731913754782e-01
5.537722793392167997e-01
1.863915863859781641e-01
4.203085015918386902e-01
-1.428165027413197674e-01
8.591749920324850409e-01
6.558625898285214140e-01
5.260059539260483752e-02
5.343949029071018986e-01
5.873618357421206415e-01
-1.802395272557972272e-01
7.646486607844376060e-01
-2.279621855914968076e-01
1.303680845254139298e-01
4.654903334018140604e-01
6.460296545543221525e-01
2.322279701643691907e-01
8.515219831809613948e-01
3.324788586296936188e-01
-6.514041776024101504e-02
-2.524593666453329478e-03
-1.004356567899820502e-01
4.239134353490425777e-01
7.433730399278029033e-01
2.835707934255717877e-01
4.757533728402333351e-01
8.058863252166738045e-01
-4.232206410946349195e-01
1.455210905051253500e-01
8.295423535194882403e-01
9.958794100212152722e-01
9.988082157926597704e-01
1.000000000000000000e+00
-5.820733995981506315e-01
-3.022155218547581401e-01
-7.000006296470114853e-01
-2.670018299051967192e-01
-1.748387745794489079e-01
-9.603138628195330151e-01
-2.563381283873937891e-02
-1.583190365976737124e-01
-4.790767189478111754e-01
-3.956182295114723524e-01
2.895183619811654285e-01
-2.293192077724396649e-01
-7.006615420700330610e-01
-2.022197103975967580e-01
5.668248713420096507e-01
-4.338934939177590544e-01
8.410948840537167959e-01
-7.325944239437177652e-01
5.699929204499054602e-01
2.962579105740734131e-01
-2.734866894977246443e-01
-6.199775351421094732e-02
-2.347599091679552774e-01
7.352855536643332357e-01
6.321481031491591462e-01
5.225021825259882485e-02
6.045603785152372511e-01
-4.452861438815325368e-01
9.999999999999998890e-01
1.000000000000000000e+00
-3.291688392299734200e-01
8.278980446877683974e-01
2.183574133379843386e-03
-7.518127559789686831e-01
5.292120390586326772e-01
-2.901623783131875856e-01
-1.526296642977785778e-01
2.015441876577714342e-02
4.891886201888524521e-01
5.846936216778340217e-02
8.116565305291090215e-01
-5.616406209443128850e-01
9.559501184332817036e-01
4.315868794412595633e-01
-4.673469701453500380e-01
5.943983699971087109e-01
3.632091996401187739e-01
7.720654018614770964e-01
-7.706473762239100800e-02
2.533379828355573210e-02
9.939303174298750321e-01
3.615878791315212115e-02
1.608939552560697261e-01
7.209219671907509674e-01
-3.385395735569671771e-01
8.986887036144095564e-01
6.650763380636239841e-01
8.862149700051035195e-01
9.131735076855639344e-01
4.382129635591068273e-01
2.233854737268198831e-01
-4.561828339572877866e-02
-6.558310741620126949e-02
4.318517889749379224e-02
4.330794955693144099e-01
2.100816606967989830e-01
2.850534721649692904e-01
-4.164120876801925553e-01
4.718572898503832769e-01
-2.492842275159257437e-01
2.169118930854801452e-01
-2.719340665224338482e-01
8.219541197534766530e-01
-1.065006402958531828e-01
8.725488922252556678e-01
-4.935083372490820519e-01
7.873313642841862636e-01
-5.196118972660753732e-01
4.240589138678859671e-01
9.870677461263864805e-01
-5.084036609344559920e-01
9.700807917789747714e-01
6.861177627233927545e-01
1.287666542065286635e-01
4.898645415741992859e-01
2.680607947034432947e-01
4.622788815739792279e-01
9.999999999998891997e-01
5.012463164593536913e-01
1.000000000000000000e+00
9.223003813288664920e-01
