-2.871676543953778360e-01
-4.768090227971670259e-01
-1.846967655910703443e-01
-9.979790490830156013e-01
-2.561300315969429753e-01
-2.610729828367393535e-01
-8.645659711688942206e-01
5.104080198713510930e-01
-5.016920347059405927e-01
-2.903049778802639369e-01
3.358628015933653316e-02
-5.861806436020709776e-02
-1.688653466307180606e-01
-5.883069017457030758e-02
-8.820364604311313472e-02
1.033315225648522157e-01
6.822863848609769244e-01
5.878961439803268574e-01
5.646216533069738919e-01
2.875244341390295055e-01
7.023280343841029061e-02
6.149185509775927372e-01
-5.624495920021828077e-01
9.480469710525095683e-01
9.991197394767817874e-01
3.341396789440860271e-01
3.598407167664193773e-01
9.999927055760683414e-01
5.537721449735723001e-01
1.863915261432483594e-01
4.198771118843726002e-01
-1.438797314021639240e-01
8.570910878432069779e-01
6.529826549100455901e-01
4.944035702845597097e-02
5.274184833868476030e-01
5.618092300088602942e-01
-2.452535503557534968e-01
6.655032322176746007e-01
-3.165683123641709895e-01
8.675571634889581163e-02
4.576974873786770481e-01
6.506728683799528623e-01
2.385314749950202262e-01
8.577553214664498382e-01
3.378064345686064840e-01
-6.174198337669439124e-02
-1.090460292231067380e-03
-1.002198822852349569e-01
4.236218670427724931e-01
7.429727919943919234e-01
2.832426254030100399e-01
4.755634923716164919e-01
8.058127654381257443e-01
-4.232392321814866798e-01
1.455172633407639249e-01
8.295404930451708569e-01
9.958774535475937162e-01
9.988065978183741089e-01
9.999996011957260622e-01
-5.827047450768568781e-01
-3.031672876177351483e-01
-7.011377486350947041e-01
-2.682240196683050582e-01
-1.768248959755785166e-01
-9.689662865326008623e-01
-6.037953163374169818e-02
-2.440174274270297539e-01
-6.049185236219274397e-01
-5.057758471237389086e-01
2.329764092214259008e-01
-2.428022990712053464e-01
-6.931619265449898704e-01
-1.820805637490987006e-01
5.974091989372025679e-01
-4.001280190990720298e-01
8.680254229175295988e-01
-7.168378983954084571e-01
5.767999967507712045e-01
2.983225766478723728e-01
-2.731339632369073622e-01
-6.202806427619938362e-02
-2.348093874014740012e-01
7.352651912970358250e-01
6.321424078005728475e-01
5.224604353667511303e-02
6.045523470837318447e-01
-4.452977929869635365e-01
9.999978249289478427e-01
9.999992496850651502e-01
-3.298046523064440683e-01
8.271415620132999136e-01
1.597271714167737252e-03
-7.522335899102174928e-01
5.280237467769701709e-01
-2.973650857658848290e-01
-1.817360962882842990e-01
-4.954592774997874233e-02
3.902779710504389321e-01
-2.519963456964419146e-02
7.704325674609783237e-01
-5.676162044642409921e-01
9.760062432538222366e-01
4.831132050534883149e-01
-3.811514975943658956e-01
6.951177610440834043e-01
4.462248580932697273e-01
8.217755422075673222e-01
-5.502579295545412946e-02
3.244207800622439519e-02
9.955361458922566964e-01
3.640811861806227123e-02
1.609215157276319974e-01
7.209240608708372688e-01
-3.385418287660983960e-01
8.986793763743590180e-01
6.650535507490095144e-01
8.861802138351428937e-01
9.131417010783458021e-01
4.381959440050430254e-01
2.230306716651134502e-01
-4.600058091014799094e-02
-6.583021722821094657e-02
4.304298962458503325e-02
4.325293869424396420e-01
2.064886677909260893e-01
2.707142054029840761e-01
-4.499937216855381394e-01
4.254875795166245811e-01
-2.870898789963702846e-01
2.000865180433641921e-01
-2.690005385433414942e-01
8.489051132142204636e-01
-3.827028769641179634e-02
9.907054236113567169e-01
-3.526089040073858150e-01
9.047182209026646271e-01
-4.489279230868916115e-01
4.554860327591490066e-01
9.972246583520102403e-01
-5.061000057868495494e-01
9.704439130305518857e-01
6.861605244941673121e-01
1.287707152123767351e-01
4.898618010615184981e-01
2.680483474414831480e-01
4.622475553994476738e-01
9.999971045096227584e-01
5.012014262434697498e-01
9.999996527822612169e-01
9.223003813288664920e-01
