2.040067477872916368e-01
-9.801669265309020940e-01
-6.913547237713821847e-01
-5.883820398977694932e-01
4.976136405002740126e-01
7.266913147164613118e-01
-6.248547223127163264e-01
8.354462856898808854e-02
3.314271695746707214e-01
7.840414557615857927e-01
5.987495358591999467e-02
-3.231282202124108882e-01
3.160535492477143382e-01
-5.095121673368497861e-01
-4.827793382589926074e-01
7.776873221274562820e-01
7.709571119097902159e-01
1.133811321549838130e-01
9.955658227185595344e-01
7.837967889015070577e-01
-7.206068154724396546e-01
1.615228079404568695e-01
-4.102584613157892607e-02
1.000000000000000000e+00
8.018930790845053558e-01
-1.257180435247505501e-01
1.757852762859603291e-01
2.604287004693375263e-01
-3.423228244079060123e-01
5.816220129606155531e-01
8.215405966173738861e-01
3.068464900239471771e-02
8.579947148954942815e-01
5.933090257467953793e-02
-2.664200249103322871e-01
6.286161922667022894e-01
-8.182064790524758990e-01
-5.982999192104661024e-01
-1.432107722263890881e-01
-5.756659708739765291e-01
6.434503152129118497e-01
9.834702605510322604e-01
8.236608487474555984e-02
8.287599812198190863e-01
4.690813087109831914e-01
4.875091436213379037e-01
-6.460588265987522449e-01
-3.306062828577026602e-01
4.756839225036467722e-01
5.163382163492875598e-01
6.065437041983589017e-01
4.973786712306421665e-01
9.738554913527449619e-01
1.000000000000000000e+00
5.213042088327496382e-01
4.357276283194636002e-01
4.912281732481886265e-01
7.855982822030227464e-01
2.370044611586981376e-01
-8.454972135304027470e-01
-4.716395494169918212e-01
7.343555502041850813e-01
-6.952164146446891957e-01
-6.162151226001642002e-01
-9.665979150568152489e-01
8.366698345150433980e-01
1.860464449878755089e-01
3.079871723789913140e-01
-4.389951852218326039e-02
5.968766537587579801e-01
3.506747727326305075e-02
-2.599133093385699866e-01
7.443145239854428441e-01
-3.180750023062502152e-02
8.598997868450847237e-01
3.371495964918532762e-01
5.346790421086052847e-01
9.673172138713502788e-01
-5.737387778536072458e-02
9.041154885665837471e-01
-1.641512537927865834e-01
6.420252709269465008e-01
9.992608463792856943e-01
-8.555473808179723250e-01
-2.994454450812490953e-01
-6.011572176751717178e-01
-6.260440589917964926e-01
2.710096583148564192e-02
3.149218938885204877e-01
5.970920545543442204e-01
3.832224898530616763e-01
2.641735966992723172e-01
4.718676644883843529e-01
5.772798419335172238e-01
1.485389736088985890e-01
4.899152995947408384e-01
3.369680729398181196e-01
-6.306088233757248807e-01
-1.964665166090889259e-01
1.511419288862920207e-01
-6.257856907994500950e-02
8.873652068726013697e-02
4.763173509406726791e-01
-2.086573759464338262e-01
3.238168521636618918e-02
9.050986322373603121e-01
3.122528535847574060e-01
1.119016807415840198e-01
5.078559609262593977e-01
2.409702385690387083e-01
-6.564707514654273268e-01
-5.034777258039877523e-01
-1.467442671192581427e-01
-9.519945320856694204e-01
8.184260207934517251e-01
-4.822035458719334255e-01
2.600374557093378391e-01
-3.390444174443473235e-01
-8.438346138301329180e-01
-8.087619362569329340e-01
3.061840927390912376e-02
8.084970074317522348e-01
9.672591773544622074e-01
2.617514895694526000e-01
-5.740962025731236595e-01
5.635179451938642226e-01
7.616387217516176200e-01
-9.498683680617744374e-01
5.916560259116598885e-01
-3.472975018358044341e-01
5.124552593547149204e-01
7.500323545183744667e-01
5.874155965900036414e-01
6.371069441988449489e-01
5.637054918456306796e-01
9.743342332355779956e-01
7.847624684421629082e-01
7.892013956478404202e-01
5.639712325298131823e-01
7.480423558797970607e-01
1.312403530948655916e-01
-7.054781481275628208e-01
6.708709950040615544e-01
8.808889071224980105e-01
-9.526271833424518887e-01
2.315328150416758601e-01
4.133878635413411606e-01
-2.254603892489541461e-01
-8.740884233070457254e-01
1.121634912695547159e-01
3.268215594181992367e-01
