6.760514997446560592e-01
3.342868799139482316e-01
7.266619465514722043e-01
5.380896584269598826e-01
-8.864990261080958334e-01
5.407286084196073483e-01
1.378867678196740998e-01
6.200641083833206002e-01
-1.908386764731450358e-01
-9.965498756142218140e-01
7.303533644413962023e-01
6.139799526160735210e-01
5.789796836922475043e-01
6.310870912736916694e-01
-1.858494354693217554e-01
-1.792636531255963894e-01
7.320666297401104972e-01
-2.994259727366619939e-01
8.566916725196034310e-01
-2.224452112107664359e-01
-4.623958881510004115e-01
-2.019079037968278811e-01
-4.132395999584799196e-01
9.780925177464017128e-01
1.616927342026377445e-01
4.083289823595805945e-01
6.440809581375233073e-01
-2.897430296032972308e-01
4.648265328587797285e-01
3.880530170753464514e-01
-7.616543723846047609e-01
-2.269215357266992084e-01
-3.462413063014161407e-01
5.887740042055481515e-01
1.315886451400742341e-01
-4.690894395739347855e-01
6.906956687578581500e-01
-5.270985925589423138e-01
1.862928684253994660e-01
6.826446042426079774e-01
-1.589352251339115618e-01
2.544064607047946125e-01
8.455617375820407844e-01
-1.481249678026493599e-01
-1.058753701047813744e-01
4.517953503934608039e-01
1.258542252879852330e-01
-3.479389811614749806e-01
9.517188734627738400e-01
9.722531451003665337e-01
2.701245238376356189e-02
-3.664900820169274542e-01
-9.242028974733378366e-01
7.719740803413330799e-01
-4.034879592776727808e-01
1.131800820763422255e-01
-7.137686554028028763e-01
-7.651820774700330841e-01
-9.529023667911369344e-01
-1.048145681691936559e-01
5.738928460780442359e-02
8.623050625450131568e-01
-7.075103481988948007e-01
-3.894659972735445286e-01
3.525622367906342536e-01
-2.357919830931347882e-01
-5.019595224715585058e-01
3.313226603793128361e-02
-8.077406100596599137e-01
5.366589890302870813e-01
-1.811927495066745497e-01
-1.721764827995512842e-03
-5.113855726095831722e-01
4.753005946624140332e-01
-9.323172831761057378e-01
-6.070027567786397960e-01
3.085495720197626787e-02
7.747587229539577569e-01
-5.175069487341421581e-01
5.722062186615106162e-03
5.373640654498300639e-01
-5.990384349849413592e-01
-5.390691098448179286e-01
-9.522029937120812804e-02
-1.244612420617219328e-01
7.766793349978400318e-01
-8.118058308337006146e-02
7.916639701449095234e-01
-2.432710463023213254e-01
3.757146339981749517e-01
-1.736385656817628631e-01
3.211726738191590935e-01
-4.529547212029587100e-01
5.219050496956229024e-01
2.716882903970763707e-01
-6.807520383940708353e-01
8.341174889266862458e-01
-4.986644343155719611e-02
2.512749877669543386e-01
-3.482801639003475086e-02
6.155758157185821366e-02
6.072143530983459270e-01
8.785721524128606852e-01
8.473402646844665487e-01
9.369688550277209815e-01
2.461902414973376196e-01
9.111630730142666890e-01
8.343316656850795487e-01
-1.123783304711885034e-01
6.444071236633072131e-01
7.142452189656547379e-01
5.033699633905128756e-01
-4.508824155724808769e-01
-1.085531679658973125e-01
1.521708529505150231e-01
8.800163484470087116e-01
-6.968389137509349851e-01
9.414552191236000844e-01
-2.570434852939718073e-01
4.604732179945949522e-01
3.429154402183142714e-01
-6.839866034987148735e-01
3.089599512075789089e-01
9.822154554215962730e-01
-9.257665873756052433e-01
6.019404056904759104e-01
-8.414695264617761961e-01
-6.308213714008528150e-01
-3.520285626306066673e-01
2.922848056199569555e-01
2.815715491667821757e-01
-1.037566769017209678e-01
7.224431398128148274e-01
1.366106510207983349e-01
-8.287629792540729401e-01
-4.540247820981693216e-01
4.267378310944632824e-01
4.061071809072211436e-02
3.322406453329921350e-01
6.681203031047766583e-01
7.553650235566257143e-01
2.618589174849941248e-01
5.239726262674595514e-01
-1.112219872899995465e-01
-6.217110982817692921e-01
5.259856744720061705e-01
-9.254903598455763714e-01
8.188466398789886469e-01
9.804786045186975052e-02
-9.066730010256027761e-01
3.374353406198032923e-01
