9.318163410066949703e-01
3.643057738468600260e-01
7.841577103811674387e-01
-4.366135530799794551e-01
-4.895135721432856690e-01
-9.566430752071398702e-01
-8.507856831974227596e-01
1.169116447110908757e-01
-3.258871680820863426e-01
-9.756529285374626603e-01
6.493547284669630437e-02
-2.875449874290083030e-01
-9.686717945594398582e-01
-3.213601126295116406e-01
-8.196826628645117671e-03
-5.420260732116687352e-01
1.625299047535438968e-01
-8.480202712374871332e-01
9.880295811696389041e-01
5.026918230620774919e-01
-7.898059807558512890e-01
9.887088354696792480e-01
-6.294722852744510933e-01
-8.415145511337902562e-01
-9.833103032687550149e-01
3.995418530223810993e-01
3.128147647424786015e-01
2.329774512245785523e-01
5.035920154044087882e-01
4.214903084547990120e-01
-6.725716677491750950e-01
3.176510316836633208e-01
-6.551894566109222051e-01
1.704769939271262025e-01
-8.443203829801956273e-01
-1.274734092620701531e-01
9.401902580628677120e-01
8.116755062425042855e-01
-4.144758981754146365e-01
8.427390548505988566e-01
-7.453581734469844067e-01
-9.770519723802579826e-01
9.265898462063739682e-01
1.614536334579283750e-01
-6.333368934884526791e-01
6.652792235447693159e-01
-3.030096157496679488e-01
-1.092496935483070059e-01
9.905762349224921381e-01
-4.305916732164208338e-01
-2.991433881039616827e-01
-1.805454473618611777e-01
5.256331799531358540e-01
-4.898576454394319990e-01
-9.940074005549407454e-01
-9.800029053270047363e-01
-9.899044286664940850e-01
-1.543181304723403868e-01
9.713014213771908878e-01
4.842504654063356506e-01
-9.793668721212184236e-01
2.326267060331640157e-01
9.701178932586084214e-01
-3.422866816880409391e-01
7.416919479870115461e-01
5.486957824734488565e-01
-2.667427797259925848e-01
-9.924788829537393164e-01
7.887454000367432050e-01
9.990102303553072272e-01
9.982198291633208598e-01
-9.940081801445906917e-01
7.590877335196349884e-01
5.465054969675675611e-01
3.279361295472862370e-01
-3.303797961439995379e-01
5.266822246840006105e-01
-9.925060395228866295e-01
-9.946455547067936109e-01
-6.973909968514154789e-01
9.747836715279470376e-02
4.608447640146683399e-01
-6.146362903140739631e-01
-5.881293305989799824e-01
7.113644889770476265e-01
-9.826470583360263911e-01
-5.507660253285036056e-01
7.258171640804671476e-01
-1.940906932073447333e-01
5.601746990188810615e-01
-1.252205885616053116e-01
8.362937189524570769e-01
7.998813523296103289e-01
-3.274626215657405748e-01
8.489207238867690908e-01
-9.482650405726242848e-01
-2.764275970574242569e-01
1.909656488573924782e-01
6.595079806903494379e-01
-9.789230099273292796e-01
-2.048863704183649659e-02
4.554275714500952699e-01
-6.504179227641457839e-01
-8.631347562755493641e-01
2.690980195247926199e-01
-5.155814047914332177e-01
9.737203052199888687e-01
4.225729286009944352e-01
4.862746842334729758e-01
-6.340312726649004471e-01
6.915346584558642595e-01
-1.087004988849882975e-01
9.314158242502929008e-01
4.332758031947336885e-01
6.578108136487844648e-01
8.412884378045543121e-01
7.473940353204671094e-01
-9.074557509620710949e-01
8.934289686339437209e-01
8.780761258269375036e-01
-9.249337935389644050e-02
3.212699926228806402e-01
2.424749497375321694e-01
-9.588796791508465145e-02
1.238774118724340068e-01
-3.364764758140725287e-01
2.580253376970774726e-01
-4.957682984481636135e-01
-8.861861539481094008e-01
9.876190644515583372e-01
-9.894552018808007166e-01
-2.257507402791194551e-01
-5.945156252686732978e-01
6.264434530373462762e-01
2.706653835921166706e-01
-6.029002283189188738e-01
-8.940460203379069215e-02
6.682590287125265149e-01
-2.379414283144509756e-01
5.199406764027149075e-01
3.797429304786347770e-01
-6.672665102022512507e-01
9.333137424936497339e-01
8.938571472826806197e-01
5.246378423759175957e-01
-6.953687894647773149e-01
-3.469850842262507395e-01
-8.710316308807665164e-01
-3.964287232221587742e-01
9.105386197050856500e-01
3.156847795338410534e-01
