-6.132940451330107928e-02
9.349468652152301829e-01
1.236439612170041509e-02
6.573407435212057504e-01
-8.900635716547154741e-02
-6.870545248820473239e-01
-8.056607483222156807e-01
-5.375005410901951830e-01
5.122658851417445369e-01
-3.685748734397761850e-01
-8.552704038885866611e-01
-7.058751533469997952e-01
-8.857035659056776700e-01
-7.800927669550403731e-01
-3.118765762965535759e-01
-8.216328353912416560e-01
-6.600663952496750309e-01
-9.083387594841017820e-02
8.579878294968189545e-01
-8.799423758657552372e-03
2.609171113586911117e-01
2.888915225454427027e-01
-4.424856554678946452e-01
9.986408485759894552e-03
9.992379941147205846e-01
-5.754967400983399539e-01
-1.852973464719723518e-01
-2.047532292507905360e-01
-9.042476148119339419e-01
8.738506997616444227e-01
-4.431033657730407138e-01
5.128481613049250959e-02
-8.414193757360453052e-01
-5.547655200899115346e-01
9.938862871524772880e-01
6.299086777086704281e-01
2.720854630770088156e-01
-8.508467690087827273e-02
5.505397390366714161e-01
-1.870862974530194678e-01
-7.707240636212188134e-01
7.219818231939009179e-01
-6.921494305308799611e-01
-3.175043471595747069e-01
-3.283652765320836386e-01
8.311481618551043171e-01
4.084419849057518426e-01
6.277072079515063630e-01
-2.097010423148943647e-01
4.837161130163403766e-01
6.705947496445763267e-01
7.426842766299793785e-01
9.122228683623866408e-01
8.721032640685584258e-01
2.618376688626349313e-01
-2.543760710241489420e-01
-1.116345676076121590e-01
4.437418083594157348e-01
-9.747403068879526011e-02
-1.952270445928029896e-01
-8.624567253428764291e-01
5.168022281549049524e-01
-6.285517686786470382e-01
-7.375921776902821803e-01
-9.408274530696636440e-01
-9.766129427080075809e-01
-3.527138786054833108e-01
6.900151964505256419e-02
3.587162464964820940e-01
1.568131312845975622e-01
4.168367508062102988e-01
-7.694226154437212584e-01
-3.515671319447846166e-01
3.268727039869680495e-01
6.004159457294301339e-01
2.057849620408147007e-01
7.833100157000268959e-01
4.551337495146487444e-01
6.385087930457110650e-01
-2.448534497346727956e-01
4.695114181312184942e-01
-1.991917810638934305e-01
2.099208546011421817e-01
-7.008018223692377147e-01
-6.173906216365221411e-01
5.654864882932624237e-01
-7.625353259178936360e-01
2.926674568220151151e-01
2.391755041143249494e-01
2.251409971133098986e-01
5.622216428271686883e-01
1.562222703420981518e-01
-6.078757498701923279e-01
5.873779062283259744e-01
9.857265671922708083e-01
-6.399622199099561648e-01
-6.748295472095791614e-02
-8.882327083625000119e-01
1.614955365246919725e-02
-6.651227436025903827e-01
-9.237186476910274058e-01
2.052454223354906182e-02
1.971250057721070092e-01
9.036188700583367428e-01
-5.753085400820460160e-01
1.916229545051335859e-01
-8.044956950438384435e-01
-3.689776073532146650e-01
3.242184995205759507e-02
2.035976366289684036e-01
7.898549262833258755e-01
-7.097232702078281052e-01
-2.101706322773335689e-01
