-8.032634053210598868e-01
-2.319720248947971519e-01
-1.034444973477941371e-01
-9.998427887540985992e-01
-6.934913790264443101e-01
6.268812012991652471e-01
6.318437770930646069e-01
-9.593801276725834049e-01
-7.035754880046989346e-01
-2.285197525923169382e-01
-1.000000000000000000e+00
5.559235101489103936e-01
1.780372711887617332e-03
3.116521260747364686e-01
2.068608061665920816e-01
5.041232364787072429e-02
-3.558694813431793058e-01
3.749187842508876906e-02
9.724510482305438464e-01
4.696837300700595907e-01
8.232204164308103422e-01
-8.300219742629041386e-01
3.242801845393629701e-01
2.194191965651752785e-01
5.809215540343595219e-01
7.020450599274544179e-02
2.936597007848213980e-01
1.652003451864363093e-01
3.926128282813091674e-01
4.162639499842827329e-01
-7.707512265801468310e-01
2.342277446840965865e-02
5.115530615386861824e-01
6.765101018580236270e-01
7.838814439393343436e-01
-6.432816715227582804e-01
5.749558178120216523e-01
-9.988104349406495830e-01
-3.771454471967308208e-01
2.981200749214695245e-01
-8.506796904433777673e-01
-3.178493693677381660e-01
6.005146085320323124e-01
-8.886818700825607209e-01
5.158664217370059757e-02
7.206572761086117440e-01
-5.944051163031933704e-01
-2.115882115536474317e-01
-3.171194597944189120e-01
-4.967486908152364822e-01
5.407914229596015865e-01
5.763368118078092683e-01
8.029501515697362590e-01
6.818108711254625698e-01
3.801762671437592944e-01
5.141778008301535197e-01
