-2.999301684569399273e-01
7.723333162301568855e-01
-2.762914447291331954e-01
8.064457203615773562e-01
-1.485987625928099631e-01
-7.392995625299917384e-01
-7.171603020026917630e-01
-4.022376652194225577e-01
4.735970720880576801e-01
-3.814388798679921311e-01
-8.263587874365048158e-01
-6.826043225269282644e-01
-9.831915636905511624e-01
-7.050684016866762827e-01
-6.111296943173857299e-01
-9.895307173738169260e-01
-6.753321677204724427e-01
-1.254665614215745573e-01
7.781884469736422005e-01
5.579114653248128802e-02
2.824585307003059098e-01
1.115129315616694289e-01
-5.372990233781357317e-01
1.955090635536942956e-01
8.705243789019833089e-01
-5.744801879337697592e-01
-4.078307425427089572e-01
-6.523299891863044986e-02
-9.199650985242625589e-01
9.072963447731019482e-01
-5.266733860944351475e-01
4.739943050309565475e-03
-7.745092120065693031e-01
-4.945963324296541175e-01
9.994742660564950310e-01
7.046682772285413066e-01
2.040971858164197794e-01
-2.352832201378476235e-02
5.657273336973678290e-01
-1.106156755881878007e-01
-8.553695752264885988e-01
7.165819240491634323e-01
-6.946380313186204525e-01
-3.273875035442761483e-01
-3.405356916877116391e-01
8.308598462016558717e-01
4.070578477512595827e-01
6.338975398223124502e-01
-2.159046668467437258e-01
5.073689637998688440e-01
7.409506353422810054e-01
6.627692749313179865e-01
7.842143701735883043e-01
9.285799507910452721e-01
4.242312947323657046e-01
-3.685232181523325767e-01
-2.856386018861952203e-01
4.867705113239018666e-01
-1.027773000951287931e-03
-1.944242890237236343e-01
-8.262547447657692112e-01
5.443074237184177822e-01
-5.343264127238748218e-01
-7.369091721466566325e-01
-9.452509029333135970e-01
-9.823428593620701088e-01
-3.198166413658728446e-01
2.011794710621553697e-02
2.026333276176384146e-01
1.999910308445388696e-01
3.931582907945800343e-01
-7.168197505659112956e-01
-4.122811348306831269e-01
4.176969851823820745e-01
7.609291351277522875e-01
1.672486758414582497e-01
8.616163962744047833e-01
4.114808962730811537e-01
6.686609058029295838e-01
-2.322506319881950942e-01
4.875261179024053537e-01
-2.342026042594804180e-01
2.415292167302323656e-01
-6.391435509036761387e-01
-6.018698134203230854e-01
5.716016167699879968e-01
-7.093305198756025831e-01
2.626852007007002276e-01
1.693490930957393392e-01
8.378883751844129479e-02
5.838658867091093274e-01
7.399642187423872974e-02
-6.070319352783325462e-01
4.611124841845488653e-01
9.701826259501218352e-01
-6.598069249483144993e-01
-8.977920368151222352e-02
-8.844157382471514728e-01
3.477760825364788200e-02
-6.346196500264164042e-01
-9.486035414377042008e-01
-1.462189037951370889e-02
2.177810759552644970e-01
8.602647376022291015e-01
-5.935099558926698604e-01
2.353494095545137221e-01
-9.802612339226771665e-01
-3.873826179178159745e-01
5.599358221092723964e-01
6.377183751971528258e-02
6.903840012077074872e-01
-6.485020224521039767e-01
-1.058773109345421265e-01
