-1.790084403352200926e-01
9.419459163544536828e-01
-1.470795655459165852e-01
7.229883793755571553e-01
-7.575637858157696636e-02
-6.360637310329050331e-01
-8.891333666586717088e-01
-5.910271150760219028e-01
5.000385754445129116e-01
-3.806404130690316245e-01
-8.560141228828478388e-01
-6.964765227674490911e-01
-9.189906446810727214e-01
-8.192649927733792747e-01
-3.041538057791786098e-01
-8.166093382934378475e-01
-6.376637086563399226e-01
-8.314568159502137845e-02
6.699965697349787863e-01
-9.515128799505881418e-02
2.909336739953789497e-01
3.919609037208559577e-01
-5.769110900605712855e-01
-7.651571339316230735e-02
8.427337612158605218e-01
-6.046805083656722202e-01
-4.181341684121267499e-01
-1.070799905499644489e-01
-8.604922535459009758e-01
9.468836772248563349e-01
-5.897730339573057368e-01
-9.002605421708399780e-02
-8.304845572575468848e-01
-5.662367928278522200e-01
9.751636170735478171e-01
6.656206818531814617e-01
2.868438274351038930e-01
-1.023186098448053277e-01
5.421886983124712955e-01
-2.026294580382854982e-01
-7.407255280589697399e-01
7.331768286941435786e-01
-6.810373276093287798e-01
-3.063401549023174186e-01
-3.370338113410521474e-01
8.155829247203865151e-01
4.213921001310552694e-01
6.294772182541390482e-01
-1.953145211980413520e-01
4.909338466495759001e-01
6.423954066911577998e-01
7.153249809548604121e-01
8.729066538152173704e-01
9.123124245375366925e-01
2.982688043612736761e-01
-2.838024095219280896e-01
-1.224066456494552757e-01
4.142730491783708224e-01
-7.651744303161489569e-02
-1.981315247247635858e-01
-8.974593103286183648e-01
4.725212206149513872e-01
-6.237009492238334563e-01
-6.971085259841085513e-01
-9.796417832985302443e-01
-9.943133935892556341e-01
-4.000949769034678472e-01
1.047286793411974781e-01
3.582370809234063924e-01
1.664842220265926875e-01
4.299073650934059354e-01
-7.689836627414737835e-01
-3.693564171004981023e-01
3.382358409744430361e-01
6.126638876200934947e-01
2.184148958092551607e-01
7.707442026789279588e-01
4.559570471749823106e-01
6.525358795334255113e-01
-2.254041022128061567e-01
4.496888373326340393e-01
-2.183566924409068299e-01
2.185922809938709299e-01
-6.924965100635835924e-01
-5.927859693893489101e-01
5.544081529048152657e-01
-6.473035831322181410e-01
2.829175613016204349e-01
2.587756079586168712e-01
3.506281145548493378e-02
5.797924557429632308e-01
5.684275263536565231e-02
-6.836405318596150416e-01
4.973149869774785015e-01
9.824824129109522852e-01
-7.195976532614212218e-01
-5.951315840130593643e-02
-8.837250414193563719e-01
8.484930747644514604e-02
-6.804812830908161247e-01
-8.916594921465810231e-01
7.553291281754959119e-02
2.046312739127975344e-01
8.622230646017609024e-01
-5.939454452323936762e-01
1.550183044858384207e-01
-7.497467621972064844e-01
-3.904610646830073417e-01
1.817264862292458649e-01
1.261431819426315215e-01
6.842277521636914717e-01
-7.832628338892685393e-01
-2.252115067040942054e-01
