9.919489046818250055e-02
-6.783365084943018819e-02
2.026060372776984642e-01
6.026839715622750449e-01
5.548834495351437912e-01
-5.659435186246968286e-01
9.809733101074373796e-01
-4.471347451248774973e-01
7.642947840218669020e-01
-9.713274615259460676e-01
8.420888750802015821e-01
2.113081594559136980e-02
2.323199171050302769e-01
6.872950998242650655e-01
-7.971689768706301527e-01
1.620480263914139130e-01
-8.870198494492712582e-01
-7.868928025004900961e-01
6.892225988747286390e-03
-4.468311570421957257e-01
3.452299702405948190e-01
-3.558177062603659624e-01
9.753756535503832481e-01
-1.441481985693130741e-01
-6.435509766559259492e-02
-9.358128403985753116e-03
-7.918837855374749948e-03
8.644430287622647535e-01
-9.155370102298199253e-02
-8.127868982352152161e-01
7.702016096103486698e-01
-6.362259748129410752e-01
-7.655963764167329488e-01
-8.146671913739685911e-01
9.964042617326914764e-01
2.057352466331271723e-01
-4.361021834139770514e-01
-8.666084478321803841e-01
8.507779287455194961e-01
-2.135036244855136600e-01
7.289705116436390187e-01
-4.059512874859826925e-01
9.834051323810166778e-01
-3.864141652417705242e-01
-4.640400774052665933e-01
9.224026536929064157e-01
-8.994795878484433960e-01
-1.034202273492718094e-02
-8.224649271466593081e-01
-8.395880655701557504e-01
9.854899181944121178e-01
-9.206027339435095269e-02
9.992786558724440216e-01
4.862038568486689027e-01
-3.852513020976729985e-01
2.478825509160048068e-01
8.768981706001696130e-01
-3.972605358433279887e-01
-4.123005054617665671e-02
8.716121570750066105e-01
2.215432752597305127e-02
-5.516381295134722418e-01
8.458889961252400447e-01
1.054274888277166415e-02
-9.292383261354485446e-01
-2.084758297142292605e-01
-1.470250244295777664e-01
-8.481677169119380411e-01
6.826150315389823975e-01
2.438221172849818486e-01
9.967886172704215619e-01
-5.657562735648461461e-01
-2.192374786653506213e-01
-3.490786510386413299e-01
-8.869327058962306332e-01
-8.179853322525286741e-01
-8.520681254009807581e-01
6.983895736219519756e-01
-2.155615239009136264e-01
-9.327515437335850423e-01
2.260048436374141878e-01
-8.374774192565518360e-01
-7.326447600792953541e-01
-5.308517426044120358e-01
9.966789657565927607e-01
-1.425904277584877887e-02
4.442652412878639323e-02
-6.578910871608184552e-01
-6.642331474809927139e-01
-2.395798340233774304e-01
4.565665476064584283e-01
8.693987185340722457e-01
9.962016343261345108e-01
-3.332165189023919560e-01
-9.975851936942915499e-01
-1.182959656202988742e-02
9.958408454806750854e-01
9.139924793569562667e-01
3.148300372044592343e-01
7.340872607715160925e-01
2.447539004968962983e-01
-9.627691408293408415e-01
-2.272128911361505008e-02
-9.081112388953060943e-01
-8.131345421855868949e-01
1.797168368177681497e-01
-5.510688734258751831e-01
2.778192403575433650e-02
9.408113025661246631e-01
-6.883017153868947746e-02
-1.498406477998195929e-01
2.478969154759585736e-01
2.221560826921820386e-01
5.163567443327412576e-01
-8.611395021858148091e-01
-2.290734456032630650e-01
4.927273752530448858e-01
9.786205791148432365e-01
3.198565816135420792e-01
5.192402242490501418e-01
8.694578362908590430e-01
-1.695881812614358497e-01
-4.706996621125383307e-01
-1.568751207015499360e-01
-8.074330995141049128e-01
-8.173255198614902683e-01
9.588451225800392885e-01
3.332465119951742022e-02
-9.661238666434859290e-01
-3.461369802345570096e-02
7.802718330651730039e-01
8.351604912256869184e-01
1.125186514368656798e-01
-5.263847601024234102e-01
8.515695492994460603e-01
-8.603711093364669882e-01
-5.900138374385900386e-01
-5.148312910043194579e-01
-1.585276978278170046e-01
-3.609352331567315941e-01
1.462708455483424305e-02
9.551676160657015524e-01
-7.527591320071741476e-01
-7.894682120451972374e-01
-9.995659662412671453e-01
-2.029813695897629555e-01
5.525251482143390680e-01
8.586121449050991838e-01
-9.978888108861833084e-01
7.135786025697451462e-01
-5.827647230433558034e-01
6.627070355219967235e-01
-5.610878173679523240e-01
6.578124568786268556e-02
9.995336919229175221e-01
-6.541017201007611748e-01
4.444585172035144249e-01
-8.957913487182558310e-01
3.804881132680204003e-01
-6.734051983029140098e-01
-4.158668483544108452e-01
4.012828529324526938e-01
2.901292021563317003e-01
5.827026990848775956e-01
-6.023810384381661498e-01
-3.447971626015962632e-01
-9.384850333945242706e-01
2.293298321740350199e-01
8.483313846477460451e-01
-2.767024645463234678e-01
-8.427243866577918130e-01
-5.628949803621894343e-01
-7.166999849631161719e-03
9.520683287792318650e-01
1.734510613179657268e-01
4.907419403332866636e-01
9.692762171005444571e-01
-9.988763887367089200e-01
-7.967339749757467171e-01
-3.870545462281069771e-01
7.061190970322437366e-01
-5.763687465068864091e-01
7.664744002526164834e-01
9.954952362484313921e-01
-1.341587059474402543e-01
-9.396365229590538659e-01
3.425901560154943071e-01
-7.337194061988763227e-01
-2.429266169656310315e-01
6.602167092509066970e-01
-8.165729877592632358e-01
-3.782627801210400875e-01
8.483251434917562506e-01
2.246613601189107259e-02
-7.529948904021556144e-01
8.036342292890963357e-01
6.546645669088454467e-01
6.659407181390134683e-03
-3.960508462056199774e-01
6.761037837396506323e-01
5.568191692448605234e-01
6.617782809405784450e-01
2.225955731645067048e-01
-2.298382655947549813e-01
9.800627721533798908e-01
-6.204227124483738809e-01
-8.653033727643268946e-01
-6.370392475523264375e-01
1.863811714520180740e-01
-3.641921549970582039e-01
2.347605933093659669e-01
-9.989694938229713994e-01
5.547000413508312855e-02
-9.220679690441744292e-01
2.382012042027431831e-01
-6.122134826671832980e-02
-1.083567469854348625e-01
6.702499927610500174e-01
-9.579080115015716768e-01
5.202002242831348378e-01
6.346639012220819387e-01
4.900944322043210288e-01
-4.315372249717384229e-02
-3.072333777312081793e-01
8.475900842506114419e-01
-3.720547909465182768e-02
-3.892262731638856388e-01
-6.166021927809913761e-01
-9.963357129362256925e-01
-8.345327649840138529e-01
-4.078077305854320711e-01
4.898299664844225632e-01
4.048207984515941882e-01
-6.647799057709055104e-01
-6.621672704681705879e-01
2.463489700617658706e-01
2.798134730673094706e-01
9.589900005542130179e-01
9.891951848167103156e-01
8.658438322750977578e-01
-9.622296715054308169e-01
-9.954441435600392962e-01
-3.748799099780630306e-01
2.377486756509356591e-01
5.112621996737078955e-01
4.576951020593261754e-01
6.293051046821522831e-01
2.669653172675498509e-01
6.535208771154193963e-01
-6.710802265361005547e-01
-3.224356495731061090e-01
7.926239013362262886e-01
5.485926493015108596e-01
9.313023019526187607e-01
8.076989693369035495e-01
7.910375515068265306e-01
3.339095724747162541e-01
-7.687741343505837266e-01
5.130637453270868731e-01
6.121738579398507130e-02
-4.106766802727515597e-01
5.024324791864714923e-01
9.941933515538666777e-01
-6.064707250380395598e-01
-9.992923341654953440e-01
9.862383488483414951e-01
-5.565102009648431602e-01
2.672776571240080834e-01
8.493370514769440494e-01
9.190441889789147112e-01
6.974777208002238549e-01
7.690100378179485219e-01
3.106385852420740501e-01
-2.289001693633148093e-01
-7.188545328230081521e-01
9.319741894554476325e-01
-4.508724371916802975e-01
8.570909840733417773e-02
-1.355293722997811812e-01
9.908278558524288293e-01
7.044255600606854628e-01
-4.233718889103122995e-01
6.378431784158172801e-01
-1.816595979358170965e-01
1.121520216158362476e-01
-9.034817121709376453e-01
9.723180196584551016e-01
2.324713799210190862e-02
-8.666083981917231671e-02
6.868090537841037291e-01
8.166545289632787252e-01
6.473528058062556767e-02
-6.691939921239878908e-01
9.344071749306817054e-01
-9.371718889429025978e-01
2.158742845571259839e-02
-5.676654657940296556e-01
-2.494568229029461848e-01
2.803113133022929193e-01
-9.632893242705797832e-01
3.649798899244935391e-01
8.972246226893674237e-01
-5.377932795965946200e-01
2.618262339519717430e-01
-4.174436023944496088e-01
-4.976383960940855000e-01
2.299290320035826674e-01
7.644955377801788687e-01
-6.342425237726475595e-01
-9.311302488957339252e-01
-4.856415643886310973e-01
-3.705265524558682966e-01
-7.109628269021126545e-01
-4.829107464023039142e-01
9.967378034362769368e-01
-9.983188152871681487e-01
-7.457161340305384911e-01
-5.533416590093953591e-01
1.115564868064390369e-01
2.004916136458702036e-01
-9.956398032885722671e-01
-5.708441296230797324e-01
9.592111609401950956e-01
-8.522479832969229729e-01
3.815026871132313202e-01
5.993652068839191993e-02
5.066698096423334352e-01
-1.765050782103386173e-01
-3.568299612968231505e-01
-1.129407625532592718e-01
7.404513394815360749e-01
-2.648365062661984792e-01
7.219144725886581515e-01
4.710155108251410372e-01
1.161461060256333555e-01
-9.266730120112818270e-01
4.826993962193375509e-01
-4.413810834264383365e-01
5.195864245363928102e-01
8.633055507573805798e-01
4.131881459354606045e-01
2.905607578073589048e-01
3.905171921407069036e-01
-7.953203629230624072e-01
5.000095021264349127e-01
-3.912001332398538922e-02
6.146368665644492690e-01
9.801274453927431018e-01
8.834616778829208483e-01
6.112104611249412345e-02
-5.004825318213845797e-01
-2.370124063308558238e-01
8.912930393634080906e-01
-6.310533408110556852e-01
2.122921705486353616e-01
9.891149113457998743e-01
-7.271482637252804082e-01
5.682686687433289308e-01
5.945580803915084811e-01
-2.980187462565496159e-01
-6.909902321355112509e-01
-7.634088216344887545e-01
-5.272873774144565262e-01
8.741965995415986734e-01
-9.926690853844808426e-01
7.275394198662492318e-02
-7.088371265437251045e-01
-5.273376793282653630e-01
-6.570676177532034368e-01
-9.999102364412616462e-01
9.548803730694268577e-01
-2.618528759793721794e-01
-9.668858643331015301e-01
2.815663685563231655e-01
9.048448303645849622e-01
3.811164389330686242e-01
-3.993298570704606476e-01
-9.639607651916528575e-01
-4.308950758694274907e-01
9.398929873425526660e-01
-4.768986735549088918e-01
-6.326846570529591762e-01
4.896617516028864414e-01
9.805869088741693274e-01
8.589177147932921530e-01
-9.681764624573331313e-01
-1.013676056321069496e-01
-5.045324315417911709e-01
8.590880049358333714e-01
9.217368138752181084e-01
5.010179033416987116e-01
4.831620871072597190e-01
2.812734599057391538e-01
1.516614441099054245e-01
5.618930235174900423e-01
-9.176292040012362650e-01
-9.986035208809410646e-01
2.879517653957547330e-01
-7.506863639576447644e-01
1.315932657273244377e-01
-3.962636864375490009e-01
-5.436848015385983834e-02
-4.845382030338833967e-01
8.109097409935227541e-01
6.801613254030916544e-02
5.252160284252660460e-01
8.207483430214579379e-01
7.449831397738656547e-01
-7.132486851020346519e-01
-7.488762206466428317e-01
-6.367512728186228710e-01
5.232126253857873888e-01
-4.261002062578760352e-01
4.401929138694383181e-01
-4.165023429118502873e-01
-7.200044064143720224e-01
-3.539850642729903962e-02
-5.013355126023767427e-01
-3.533034553353090607e-02
9.773827605365830173e-01
1.417598820926165293e-01
-9.071091397020417668e-01
-2.970325104516608472e-01
4.635435647616502064e-01
-3.421646923522073808e-02
-9.863107020070502884e-01
-9.179679141665049169e-01
-7.241583486727133645e-02
-9.969464601579222096e-01
4.000781808610118784e-01
1.615403753128744346e-01
-3.780179895636447407e-01
-9.987621150955277027e-01
-6.078889726161885720e-01
7.937597515351525468e-01
5.932909632871119499e-01
-4.806982585912891737e-01
3.727291979588395754e-01
8.975654088833044941e-01
9.067569246791725712e-01
6.973231730750077684e-02
-4.854757818944762660e-01
5.638705760329850714e-01
2.934423906545077440e-02
-3.574452184549966605e-01
9.272384340751760323e-01
8.501794427800013487e-01
-5.920274302428882862e-01
-9.709670341137244254e-01
9.830705959226507806e-01
-1.672614739104210935e-01
6.367738860192789785e-01
9.902933805741670481e-01
-2.972163857718512076e-02
7.928805436181033395e-01
3.071126339256908255e-01
-1.492177423284598570e-01
-4.878408260172654165e-01
-8.964386404105754158e-01
6.402902810634218678e-02
4.804689601809163935e-01
8.038500917513808908e-01
-1.056921253341589345e-01
-9.324481706900435984e-01
3.446670130990008296e-01
-1.796523836762081161e-01
-9.919670042821713274e-01
-8.045944850081246380e-02
-6.189463327814632709e-01
4.807719518522286517e-01
-9.919312733676920457e-01
5.221921959628816889e-01
-4.671307594712004185e-01
-9.642571810782193387e-01
3.614441333270349554e-01
-7.474418803552097534e-01
-1.981507203463818423e-01
4.949166198491968816e-01
-4.862235474763529353e-01
-4.865080127394973419e-01
-3.699030935292765832e-01
-5.453750767819357526e-01
-9.466322811001771642e-01
2.730235566826219040e-01
-8.259039810708513896e-01
-4.403466763337629541e-01
6.735342158942043689e-01
-7.015423966540753620e-01
-1.961977628554824882e-01
9.496220227501005473e-01
-7.021932910799969507e-01
-4.455314378808389320e-01
-9.953609346837639649e-01
5.371116597740575038e-01
-1.504571664172204837e-01
6.322889255356995974e-01
2.402038803956462187e-01
-3.574554491336939810e-01
-1.949730934430576323e-01
6.236924348950249053e-01
-9.507619969080381983e-01
-7.997000573735808526e-01
1.376939154098468232e-01
-8.329962416559986149e-01
-9.503985985615421850e-01
-5.041559214508218867e-01
-5.987719502174951858e-01
-9.485550832541450594e-01
8.362769955580888759e-01
-2.440656823265874298e-02
5.098303479197748844e-01
3.710923462790647331e-01
-3.410358383547435479e-01
-6.905831779498036171e-01
-2.543163444031351084e-01
-9.527162276588476697e-01
3.810399376760070234e-01
-2.611577670255175732e-01
3.456636457290346853e-01
-6.317436882537177389e-01
4.324659788816400119e-01
