-2.938522385519986568e-01
7.799528567963200931e-01
-2.868250190186416582e-01
7.976477508426003116e-01
-1.467211614722872537e-01
-7.352004755540626491e-01
-7.230272023416512983e-01
-4.056395927206289942e-01
4.771578871922384502e-01
-3.711813154540063997e-01
-8.301920948550854940e-01
-6.890913917012649881e-01
-9.755380028938861470e-01
-6.760220182406099232e-01
-6.057529145031382845e-01
-9.987894168084109348e-01
-6.754021075869230950e-01
-1.233329588665594140e-01
7.784825694187577083e-01
5.513572483256517359e-02
2.835049620476820520e-01
9.130762919457670324e-02
-5.324024275066390199e-01
2.013058202772075034e-01
8.675996793409144203e-01
-5.850462928735394863e-01
-4.063346670292087848e-01
-5.758955585105253461e-02
-9.185306516899947038e-01
9.122379763681918163e-01
-5.248427373803435936e-01
3.565904384424087997e-03
-7.733374176660372523e-01
-4.976188602022160734e-01
9.992113448198247649e-01
7.023638346497673712e-01
2.023698739703661820e-01
-2.312781027683247226e-02
5.636826390691715982e-01
-1.085193346640472983e-01
-8.580204635037971261e-01
7.162938178589987048e-01
-6.935679734749017333e-01
-3.281807822503725047e-01
-3.396279714784598558e-01
8.318840015170535507e-01
4.066498451596033403e-01
6.342147678937929411e-01
-2.169492802366701778e-01
5.087782376754883540e-01
7.485740592662423198e-01
6.550105388578981724e-01
7.910236944964507133e-01
9.213868402707684480e-01
4.150213262149785587e-01
-3.620222620874331554e-01
-2.882335274715292495e-01
5.091916364328593625e-01
-1.167570174684233464e-02
-1.931136278202242873e-01
-8.286075482810458803e-01
5.463890253267856822e-01
-5.366791724766789562e-01
-7.395626218721692569e-01
-9.438926859983904905e-01
-9.828881914844378453e-01
-3.153146506211746969e-01
1.711843927982110644e-02
2.057595850776003377e-01
2.062713211753283149e-01
3.916863041064759243e-01
-7.117976095733831166e-01
-4.090392190347765800e-01
4.146206441530872477e-01
7.626757287180682132e-01
1.566676852729901037e-01
8.654073667761047473e-01
4.117060592518342332e-01
6.695833587339644621e-01
-2.313777318399733995e-01
4.883274682512699916e-01
-2.348765497143034953e-01
2.416726220053649066e-01
-6.389393832746834700e-01
-6.023244001668207614e-01
5.708242208662936967e-01
-7.054208968807518243e-01
2.606631008708649166e-01
1.644706245861017324e-01
8.130965853085438122e-02
5.894175005445093651e-01
6.891136980515681631e-02
-6.102969288330171160e-01
4.545694232226800136e-01
9.763607354893951706e-01
-6.594349789629964098e-01
-9.045617325048617430e-02
-8.826669828586662936e-01
3.411801824674711575e-02
-6.369668640303740581e-01
-9.464354434439498087e-01
-1.407484188337609216e-02
2.221646575116152378e-01
8.580286872276768895e-01
-5.961550191387365860e-01
2.378496172476459447e-01
-9.801328106091760084e-01
-4.054402018280831022e-01
5.569200058863533753e-01
8.444102802433173238e-02
6.909879777842702353e-01
-6.444062861428755395e-01
-1.000387095221737244e-01
