-4.140117562661542183e-01
-6.738956531311397491e-01
7.504304444704487098e-01
-1.081290010495942755e-01
-8.753128453638354678e-01
5.804537449348624589e-01
6.218311238588513090e-01
-1.194477970629569397e-01
-2.567994046995907276e-01
-4.634667865198806580e-01
-2.878235313792695260e-01
-1.310655451627738555e-01
2.491527998212843611e-02
-5.278344857558138203e-01
-3.249403845521786072e-01
-4.340125340449478841e-01
2.026871974438742424e-02
-5.059355623055340478e-01
-9.999463802677270863e-01
-5.432525832567625113e-01
8.730443873274001954e-01
4.492724460588071178e-01
-4.851219993268842123e-01
-1.915314871994872881e-01
8.735755795227403420e-01
3.899335476401873390e-01
9.540175323766814097e-01
3.759046283369776309e-01
-3.530715302541506118e-01
-2.186738627175526528e-01
-7.678509407899120065e-01
9.239469051857166493e-01
5.061557388295517823e-01
8.808173685497253103e-02
1.973713078628471645e-02
8.889075376623218894e-01
-8.674880802850662986e-01
8.105454268613392355e-01
-3.286884879198109094e-02
-1.393308591627870352e-01
-9.500426459814331759e-01
8.726087890122261603e-01
5.734311394167813658e-01
2.254320410146647136e-01
6.907464384197506968e-01
-9.274552651948623216e-01
-1.840582987056557374e-01
7.031106167886312930e-01
-4.041618385747003939e-01
-1.333270966339996644e-01
-8.951186416592223916e-01
1.976496801602667108e-01
3.828640672618340290e-01
-4.405829163483671040e-01
-7.766201691198788559e-01
7.395234610260349450e-01
-4.439512809266151216e-01
9.979979732465420472e-01
2.269264952531422352e-01
7.782317182735707384e-01
9.702262630661252496e-01
-3.663192062939060190e-01
-8.002258146052598775e-01
8.893794418328082596e-02
4.380158018936322062e-01
-5.228776984109172465e-01
-5.637123281708203981e-01
4.727725903045102984e-01
-4.885591325114026495e-01
-4.808942651185907913e-01
-7.406132385445068911e-01
2.594999330950150118e-01
-5.999152956873619047e-01
4.908214632399466870e-01
-7.730206392334093568e-01
-7.111943888906814282e-01
-7.442812030072000207e-01
-8.997160041085171256e-02
-6.012552898923417821e-01
-2.672390760010032729e-01
-8.636535459549762317e-01
3.189086462766990704e-02
8.729356253633346885e-01
7.678558847931795661e-01
-7.863381145273697082e-02
6.764881330243277535e-01
5.546005330965376734e-01
3.274258109744678236e-01
-9.876513535720641279e-01
3.581686770783802931e-01
5.406847097958237258e-01
-5.978738184718792592e-01
-8.707047136056215164e-01
8.475497590042890828e-01
2.937465323191221916e-02
-4.089517520522274463e-01
-1.974606118260004151e-01
8.209268820262733968e-01
-2.200833982237542508e-01
9.161600289783435880e-01
-1.427627502522280656e-01
7.247437877014517582e-01
9.928857242060070698e-01
4.397998996362957325e-01
-2.684360586269740612e-01
8.600591196208798861e-01
3.054926434885077979e-01
-4.898307346045542854e-01
5.162269561997210321e-01
6.584880484846874493e-01
-2.537271453781668185e-01
4.867043922215887330e-01
6.305911758168635250e-01
