-2.010295110337913804e-01
8.928293746364402983e-01
-1.007372450758561300e-01
7.515847392280449180e-01
-1.309938813026306770e-01
-7.424758931993528099e-01
-6.981182066108153617e-01
-4.022140626838409116e-01
4.757379197106639257e-01
-4.104518685078225038e-01
-8.097162040376123526e-01
-6.918338621485135009e-01
-9.903290156765031105e-01
-7.135288045218416420e-01
-4.880468465375852882e-01
-9.283886844217642542e-01
-6.890920039284699206e-01
-1.576863549973152034e-01
7.203677683716459557e-01
3.897539287555752685e-02
3.035191073502678805e-01
1.914238542358355777e-01
-4.391448343768554752e-01
1.339546792174321210e-01
9.031923984868955868e-01
-5.069898233457327263e-01
-4.160572665339170029e-01
-1.640673601952380989e-01
-9.052082546638221539e-01
9.138387328160489931e-01
-5.193950867281507122e-01
3.124616364524530118e-03
-8.131972949812298346e-01
-5.167942330437744758e-01
9.994115069626650083e-01
6.914380525070168426e-01
2.473707656267742361e-01
-6.487355237509158379e-02
5.437428696824825325e-01
-1.497036265053909854e-01
-8.131490341847330550e-01
7.315920957343804432e-01
-6.844026365179697313e-01
-3.160829387668184220e-01
-3.358572515568586936e-01
8.162063327352088171e-01
4.171127261711121137e-01
6.383429521566634790e-01
-2.017494452283276896e-01
5.025007984607067213e-01
6.896541796161121951e-01
6.890997419531130763e-01
8.231459255674481446e-01
9.450445031454210998e-01
3.833251573367095211e-01
-3.219575926046370773e-01
-2.297083753713523580e-01
5.059340883038930814e-01
-3.690561544717690240e-02
-1.991909748639834887e-01
-8.424481216430773634e-01
5.265250529037487359e-01
-5.591802347823245922e-01
-7.225502024117645972e-01
-9.477351323497142932e-01
-9.830579349736374706e-01
-3.319840827257236615e-01
4.375488821317612131e-02
3.250509974761023879e-01
1.886297011128809653e-01
4.024551048303673939e-01
-7.141931905771503608e-01
-3.967427259858681277e-01
3.875659887897583422e-01
7.055230236743693650e-01
1.887540967044223916e-01
8.317240343314151740e-01
4.326936457944202674e-01
6.945003745136867357e-01
-2.130829237922139685e-01
5.144513741987499778e-01
-2.556100887986161863e-01
2.610538401431437561e-01
-6.181520050249125209e-01
-5.879153454137173718e-01
5.594397174298780806e-01
-6.885002701752472865e-01
3.315724748551302503e-01
2.178197528929810278e-01
1.584736433052881810e-01
5.346370954963197697e-01
1.199474670442510077e-01
-5.457027736283519559e-01
5.196799123530073672e-01
9.830679027164165307e-01
-6.712346992457044470e-01
-7.587085279073238486e-02
-8.728168027823882680e-01
4.073856199409379986e-02
-6.709986791585148547e-01
-9.068899075763492412e-01
1.732037251614135243e-02
2.393373902744107828e-01
8.602327700998396720e-01
-5.780672225572272005e-01
1.893897620428377504e-01
-8.581510621177956821e-01
-4.165969626050003427e-01
4.762981327907816476e-01
2.041274089868243824e-01
6.533616862251423463e-01
-7.105683427447789802e-01
-1.700966252301417958e-01
