-1.421435698026694006e-01
9.261935326239825184e-01
6.108118435041210575e-02
7.564322111449629515e-01
-1.730181823260849017e-01
-7.791102234399601700e-01
-6.980173061930987632e-01
-3.655731812212572041e-01
4.663307210884190535e-01
-4.108384530359730502e-01
-8.502603889573926432e-01
-6.470403633666226284e-01
-9.895322923710148100e-01
-7.502949240135504683e-01
-3.949384147270514900e-01
-7.873903403810408319e-01
-6.704677397876273037e-01
-1.481673840801064901e-01
8.800891665143935061e-01
5.578352002314415636e-02
3.310301612015559836e-01
1.706073033330967881e-01
-3.685980613107446291e-01
1.017393024305297405e-01
9.509433250996095488e-01
-5.256457153312192876e-01
-2.738680310958876429e-01
-1.562295700315518565e-01
-9.437661960179305476e-01
8.774107796112490254e-01
-4.428224143339190566e-01
7.395663168227002704e-02
-8.335210686134827407e-01
-5.333681400920058380e-01
9.879793597683148576e-01
6.516703348205766799e-01
2.626808638962378484e-01
-7.120891975093360249e-02
5.430915520228202231e-01
-1.721607668413771830e-01
-7.898905968554325030e-01
7.321240231267055476e-01
-6.904464245781504195e-01
-3.064333721960639800e-01
-3.384835614354209099e-01
8.152235265902058048e-01
4.210979606625006588e-01
6.331262570088341812e-01
-1.977789358216515969e-01
4.852084124296446865e-01
7.179818621474657325e-01
7.345642514119146149e-01
8.272670168634141952e-01
9.433260653137720553e-01
3.319954511740216274e-01
-2.855461820878896773e-01
-2.155484761793712845e-01
6.090798156805752317e-01
-1.032264374728357990e-02
-2.075047357423078498e-01
-8.127119596367458065e-01
5.705513221323255113e-01
-5.721383948522404950e-01
-7.814300582598009415e-01
-9.066628244227002975e-01
-9.647497791161238068e-01
-2.756635158851272194e-01
1.344470175145150940e-03
3.511848631535982590e-01
1.743469553659017235e-01
4.101135347087671024e-01
-7.309234374364093068e-01
-3.695018329666706070e-01
3.584822301538171940e-01
6.475845394400865374e-01
2.091743065743941477e-01
8.038347587692463714e-01
4.454459330455928234e-01
6.661441783713272224e-01
-2.324470424422742654e-01
4.890425085572877029e-01
-2.205056333095439247e-01
2.312782434888495664e-01
-6.634633847267438211e-01
-6.030932704479214923e-01
5.662948776971556963e-01
-6.903877687173678446e-01
3.447809410404754082e-01
2.314902601625794254e-01
2.242509340386223959e-01
5.500387189839005542e-01
1.657415374372865624e-01
-5.746611726515159502e-01
6.380367965349369452e-01
9.863973665174667893e-01
-6.967420761326409417e-01
-7.453043514501141165e-02
-8.754575058181776059e-01
4.823011505030633250e-02
-6.696094049978701390e-01
-9.273227006200335243e-01
2.252752676945850296e-02
2.132292274131420140e-01
8.468646610154783039e-01
-5.850665134419247293e-01
2.179751725580071353e-01
-9.138334273072257208e-01
-3.760731931973831377e-01
2.744824173987258087e-01
1.992267092713721210e-01
7.590239837662190459e-01
-7.501222495722198458e-01
-1.809357116869453053e-01
