-9.696746993259506286e-01
-4.672109280394606268e-01
-9.409920990607386626e-01
7.710949604030472582e-01
4.865278092620908268e-01
2.100780600773611562e-01
-7.179773729577588748e-01
-1.688588537208303708e-01
-9.679284320473765524e-01
2.081243955788398547e-01
-5.228042145404805385e-01
-9.185538915276003635e-02
-5.019862249544139454e-02
1.739733117720338451e-01
3.109795398111446230e-01
9.577498579245345978e-01
-6.651239998131769360e-02
-1.161400418390961808e-01
-9.613587404046761709e-01
-3.140801274475493177e-01
3.462111911374762263e-01
5.104938703746433326e-01
-2.017370321158889479e-01
-6.170854853009131169e-01
6.733791760585178254e-02
-6.788348207730938721e-01
2.174434077568004331e-01
-2.658107539791200180e-01
-7.924040141685043670e-01
-5.964133883342062070e-01
8.578333874102441747e-01
-6.650941655801763108e-01
-7.973062246962873134e-01
-7.108872692487593348e-01
-2.515157572454918694e-02
-2.785286502893566385e-01
-8.390823412115341884e-02
2.135460229158720261e-02
-5.216091950950539902e-01
9.733710727011136710e-01
-8.884108699747303439e-02
-7.237592316919071456e-01
2.253737292294033245e-01
-2.982459302281483260e-01
2.217994551893438804e-01
4.622016082065140696e-01
1.911624407519021129e-01
-9.193903357946199284e-01
-1.482371418503289628e-01
3.569338360465409976e-01
-7.160924949823881391e-01
-7.512981353161519715e-01
-4.674894972026898410e-01
7.804441189538025014e-01
-6.775966378925584177e-01
2.751983085098624326e-01
-3.719399325328959782e-01
-6.310266476477718323e-01
2.372150691489518515e-01
2.541445303740655359e-01
-8.200631882555092789e-01
2.920166734636840400e-01
8.120686074194188864e-01
1.128934163883346942e-01
-1.723668118847213604e-01
-6.319886574589101969e-01
3.672649432713456785e-02
-7.951870993397672782e-01
-1.970358780125992526e-01
-2.858817089976435355e-01
-4.396452755971170800e-01
-9.050700859003643073e-01
-7.374929544447048624e-01
4.606392286789965929e-01
4.059827041261155900e-01
5.291052133466906948e-01
9.886116000696930639e-01
-4.220476994869532539e-01
-7.747434923332360279e-01
5.282080325170207535e-01
-2.225648725210548420e-02
-8.087692054795679875e-01
1.619687752855986096e-01
5.972766400768048101e-01
8.734551861842854148e-01
-1.044770851453999255e-01
9.978860701460401383e-01
4.593001637195478493e-01
7.126034781702256238e-01
7.615859652033246663e-01
5.201654274920669563e-01
2.299778975978393758e-01
-4.338820390134505711e-01
7.437851615756093659e-01
-5.008882370304229559e-01
3.855991952339718476e-01
2.892606170227410844e-01
7.322087468457304515e-01
9.938300257936724114e-01
-4.833708834721092695e-01
6.392038882460441274e-01
-1.552508238864429291e-02
-3.139093408834439103e-01
-2.536713469472118287e-01
9.996729507393574687e-01
9.540229032663520847e-01
-8.937484831095154902e-01
1.882873996588167176e-01
8.108520960034917846e-02
7.504468091816018926e-01
8.511800773350611804e-01
-2.020255840149631429e-02
5.780248750192649165e-01
7.511187916136741194e-01
-1.968847635351841929e-01
-3.853253153463130909e-01
5.560190627594752133e-01
1.256525341951013619e-01
-8.182243552254681029e-01
-4.494263305405778453e-01
1.792495519915612290e-01
9.247914940227680569e-01
-1.191915190864722973e-01
-4.943638749575708924e-01
-9.036807675320336353e-01
-9.198826826583906824e-01
-9.940694970965925359e-01
7.285897012193066624e-01
-8.678785212889471579e-01
9.930767379283715890e-01
-6.363230131081391017e-01
-9.840456586763977054e-01
-5.852107954475748164e-01
9.051260605059614772e-02
2.749296112048605911e-01
9.636433527027205015e-02
6.221408269425210413e-02
-7.100196222467304308e-01
1.259215082592914092e-01
1.273127472795083405e-02
1.076902106362348649e-01
6.723500965688835596e-01
3.910539060620312757e-01
-9.408502630824239210e-01
-5.112278081796397533e-01
4.697415352958450585e-01
-8.762705163680505338e-01
6.445777797540078735e-01
9.869899550237746233e-01
3.094436457776694738e-01
4.044919283227770834e-01
-4.153954639969580087e-02
-6.992662179103387166e-01
6.497557570335816823e-01
-5.135615477903504589e-01
6.107804231733409139e-01
9.855753355721758036e-01
1.994475283127268017e-01
-6.438860315138086321e-01
5.168617363991414582e-01
2.216491033933222499e-01
