-2.747266624780876909e-01
8.123921749244711332e-01
-3.462528658366134660e-01
7.647829704884043789e-01
-1.404040414597167719e-01
-7.220221681285264870e-01
-7.443687501189493183e-01
-4.181930941597128970e-01
4.720394238038005397e-01
-4.030388122586141542e-01
-8.148010876922080481e-01
-6.724646468880045580e-01
-9.998539874666962923e-01
-7.889453294399928485e-01
-5.086062634298093021e-01
-9.368946970260801921e-01
-6.753090346748353845e-01
-1.274953999000327520e-01
7.802136458343963410e-01
5.589908075732426262e-02
2.955346766262358371e-01
1.793767106881831441e-01
-5.297030346243472021e-01
1.821621583591948312e-01
8.836854857401997831e-01
-5.300178116832588993e-01
-4.503033202069591234e-01
-9.067625768329362623e-02
-9.166562789251460064e-01
9.126324604293399867e-01
-5.237118677920069576e-01
2.651171566736541720e-03
-7.987774627261973182e-01
-5.064925389593788463e-01
9.991629004589619445e-01
6.926719495326282283e-01
2.350382497638331403e-01
-4.797653827823809142e-02
5.568662762667183630e-01
-1.424102570665533030e-01
-8.219253294928730025e-01
7.261572018837580966e-01
-6.897940444500224588e-01
-3.177433979535398967e-01
-3.358141737266907012e-01
8.206786039380211673e-01
4.153363301150019282e-01
6.370136709962465060e-01
-2.051031087765130545e-01
4.964951790878212035e-01
7.055887004415447583e-01
6.868422066776996848e-01
7.964830837604872649e-01
9.482531532239887317e-01
4.144447754366235026e-01
-3.593302959241107541e-01
-2.552463587938681999e-01
4.848341784379981423e-01
-8.867040702420893664e-03
-2.076233303099449534e-01
-8.262566882090184306e-01
5.382625293578103820e-01
-5.349893988783119836e-01
-7.300144631933007666e-01
-9.510477986531470362e-01
-9.799783204461408603e-01
-3.314969393913356210e-01
2.868162053577239662e-02
2.969146551961582836e-01
1.871200168338568448e-01
4.028650812420626059e-01
-7.341636078943077903e-01
-4.245771985924338687e-01
4.253369372514501645e-01
7.380744158724041881e-01
1.991256325421000284e-01
8.455617189987719717e-01
4.301258248327761158e-01
6.716388567252482567e-01
-2.251004665240617653e-01
4.891514447124449827e-01
-2.416585091296802323e-01
2.473383991409155158e-01
-6.390213658241201689e-01
-5.916353078280556232e-01
5.635438988804930549e-01
-6.747276515003408637e-01
2.361097827618663658e-01
1.485256371830887545e-01
5.556677633315037362e-02
6.040352391060144210e-01
5.482219195098379794e-02
-6.343430049220171174e-01
4.503195078165848075e-01
9.908919075998126047e-01
-6.753370279424277811e-01
-7.691111481959184148e-02
-8.742973944390967089e-01
4.731775948758108058e-02
-6.444759000758624179e-01
-9.395171340584678177e-01
-2.563078592971512271e-04
2.204230718049159654e-01
8.514341492826136282e-01
-5.607911696904276377e-01
1.955014341417885271e-01
-9.095375938467179511e-01
-4.103397054131869282e-01
6.129822869369211391e-01
8.569919661032213143e-02
6.071539668767079734e-01
-7.223630429148342191e-01
-1.722579057187037244e-01
