-2.824809477890942722e-01
-4.610022879723723599e-01
-1.438350913799041064e-01
-9.240230178315685938e-01
-1.670848459088284665e-01
-1.900282463954633405e-01
-8.242487610151749688e-01
5.330019933371594743e-01
-4.801982892121800517e-01
-2.609004152152363809e-01
7.154578345884055057e-02
-2.111400581451784372e-02
-1.429967483406685003e-01
-4.672894318280698678e-02
-8.116662532511988160e-02
1.225774152269213796e-01
7.333411109729438548e-01
6.701775670831255916e-01
6.468444296744493283e-01
3.378724160516042851e-01
8.124360228854772548e-02
5.973021652250933844e-01
-5.940608722958150567e-01
9.124995245298915814e-01
9.705053621526823493e-01
3.031407801031213434e-01
3.315492065728095628e-01
9.948454168708354972e-01
5.271739917309423706e-01
1.659985915671708667e-01
4.269482360436351875e-01
-1.255022323076408763e-01
8.957781652410207185e-01
7.154297958514360678e-01
1.208362138404350389e-01
5.837908881328338628e-01
5.963734924428290007e-01
-2.186631009265548875e-01
6.990423037504550630e-01
-2.710245119783563639e-01
1.409603860619570714e-01
5.101882089986913282e-01
6.896260640024625133e-01
2.610412089429585691e-01
8.743213847272801598e-01
3.673285601298085790e-01
-3.858179421411317509e-03
7.888986251445270770e-02
-2.783768658624583697e-02
4.627011289275650419e-01
7.447734303138312528e-01
2.586395907694167273e-01
4.376919793674096115e-01
7.622617333235526260e-01
-4.703157498600137876e-01
9.434627058133439326e-02
7.729172915578131908e-01
9.355060282804671390e-01
9.432233630390184365e-01
9.698884113978979427e-01
-5.771461554010061112e-01
-2.912949897088284446e-01
-6.808609745837750360e-01
-2.400149082950958357e-01
-1.469445699634164826e-01
-9.456872791734040051e-01
-4.405935364613820099e-02
-2.259853452526531525e-01
-5.774689286731360394e-01
-4.681435262718849355e-01
2.789468033425372973e-01
-1.915630833060515958e-01
-6.450051626835739960e-01
-1.441119046143181648e-01
6.306702732294358071e-01
-3.595293434355602558e-01
9.197717915991819870e-01
-6.646573608044011872e-01
6.120824747876758565e-01
3.069524782927863238e-01
-2.898556325702063563e-01
-9.769154552849378115e-02
-2.849384381556592238e-01
6.716395410757446394e-01
5.587534842128143442e-01
-2.506965948641608558e-02
5.243962725854381945e-01
-5.253555648580562343e-01
9.651215228854383987e-01
9.892955128880959181e-01
-3.284046528407226773e-01
8.296685607886016278e-01
5.621235329417642070e-03
-7.464914376052076417e-01
5.343764270134911953e-01
-2.921465976827173350e-01
-1.772892858866680632e-01
-4.295901427314468418e-02
4.008582161335184080e-01
-1.063942381637518128e-02
7.940972747754336813e-01
-5.263344930122377807e-01
9.999999914712905946e-01
5.377071401264436057e-01
-3.292800257802849795e-01
7.474205869717270856e-01
4.941682027048383552e-01
8.544058493942682242e-01
-4.514332128282932954e-02
1.999503108106013075e-02
9.644142222469941350e-01
-1.372961944421179949e-02
8.223739776633773313e-02
6.051181281833147851e-01
-4.742836327609466496e-01
7.769452792299963440e-01
5.699473937051321437e-01
8.117477743240449906e-01
8.594747934079898233e-01
4.081341960312474537e-01
2.224801109179081471e-01
-4.719118676179532429e-02
-6.719357044654045152e-02
4.236608970219134934e-02
4.326970595381716689e-01
2.069794493412496217e-01
2.713104939149651451e-01
-4.490098133396884794e-01
4.266172136039265705e-01
-2.851052701920647747e-01
2.109126569082813984e-01
-2.376591430045607578e-01
8.983070702271530594e-01
1.565695020645816241e-02
9.999979894009755066e-01
-3.011921184438340893e-01
9.468721219503121178e-01
-4.253962788921941129e-01
4.569064431193865516e-01
9.873331042773213495e-01
-5.388091187606793842e-01
9.176908216344680236e-01
5.951058777589222082e-01
-1.487949347597181463e-02
3.206488562810050902e-01
1.277795787072761591e-01
3.724700903042671429e-01
9.679870599280340215e-01
4.687710901455982015e-01
9.954169515573747518e-01
9.223003813288664920e-01
