-2.826454197619118203e-01
-4.616236728703324022e-01
-1.452482969650764622e-01
-9.259340761303630485e-01
-1.686743732833020648e-01
-1.913874856658391022e-01
-8.274106435228909540e-01
5.247729004494380289e-01
-4.951051719331968637e-01
-2.796909256488263051e-01
5.518021739658665603e-02
-2.984765135817696660e-02
-1.441634524027423370e-01
-4.353921957690805311e-02
-7.556379333162070722e-02
1.283096106951029103e-01
7.283792348851279019e-01
6.370321334341187969e-01
5.871639682756301104e-01
2.830285846322910803e-01
5.886659685287150973e-02
6.059299744038446622e-01
-5.701832049707563632e-01
9.397893142409832201e-01
9.938111449610118608e-01
3.179683638633395426e-01
3.383061692196381864e-01
9.970068865633443522e-01
5.276484758059799551e-01
1.660683458269437973e-01
4.267475172582588239e-01
-1.261864724831769369e-01
8.944058514498731682e-01
7.137522912297231681e-01
1.194742404949068193e-01
5.822672519785117018e-01
5.922958854721500632e-01
-2.278431599885074044e-01
6.860875443468055224e-01
-2.830396051084135278e-01
1.327549645444352222e-01
5.057525567474144834e-01
6.885429751865853598e-01
2.632177049582574146e-01
8.781449554861273654e-01
3.684984738778708246e-01
-1.435453952818170793e-02
4.635350980472954796e-02
-7.752575323469013124e-02
4.201728468592731414e-01
7.285650642109041675e-01
2.663824883535789168e-01
4.579273413627121814e-01
7.872685979580824611e-01
-4.464503897780395247e-01
1.114122329481268270e-01
7.817090423502267571e-01
9.387560949276245736e-01
9.440975470829936489e-01
9.700631379202730997e-01
-5.772022670523674348e-01
-2.916746347457255806e-01
-6.816245952992023849e-01
-2.408515735845820072e-01
-1.476190569400836206e-01
-9.468433716211867024e-01
-4.757901448197625338e-02
-2.326981607197445012e-01
-5.830304462237499985e-01
-4.670114560728650943e-01
2.833735642860311099e-01
-1.929977933881415197e-01
-6.530635373242438257e-01
-1.516841746299803229e-01
6.252787585383535740e-01
-3.674905429041133154e-01
9.048981889810048251e-01
-6.866776035463627581e-01
5.890503431064414430e-01
2.928480838129858266e-01
-2.892537503455788195e-01
-8.337143280318852490e-02
-2.578437993112663307e-01
7.116229211678195554e-01
6.033776732552675881e-01
9.554368968167303855e-03
5.429517606654383766e-01
-5.180591014723116006e-01
9.674250782229835144e-01
9.898922197419430802e-01
-3.281385764393496274e-01
8.297928191168850720e-01
5.492610094584145404e-03
-7.467140633695152907e-01
5.341453765767484319e-01
-2.928373312128863537e-01
-1.796081993929852239e-01
-4.692061974738911262e-02
3.999700250189125450e-01
-3.234181879435167953e-03
8.026466693812369657e-01
-5.329005497780239242e-01
9.999999090799202017e-01
5.126181986333673279e-01
-3.496099928704579085e-01
7.282861141191829812e-01
4.745013859053591743e-01
8.380063470165088901e-01
-5.290561654482563159e-02
2.360449105608326478e-02
9.801988095937888001e-01
1.810247093848163860e-02
1.421623350197801505e-01
7.018416140888604771e-01
-3.617568068355864197e-01
8.645349459011648641e-01
6.159622562992715933e-01
8.294575204523507717e-01
8.651524373343215668e-01
4.096959839987897589e-01
2.229173412980277325e-01
-4.680273884197703321e-02
-6.702403876246069980e-02
4.238226394518488510e-02
4.326428039184411767e-01
2.066907293345244534e-01
2.702982920024964986e-01
-4.505748736964115819e-01
4.274229949998680778e-01
-2.788891874770584867e-01
2.155878178525303668e-01
-2.495829731374789584e-01
8.689929889168780397e-01
-1.599442587070556282e-02
9.999999997477505564e-01
-3.244213979571832218e-01
9.262778394152739736e-01
-4.392097475151033326e-01
4.540704140183240978e-01
9.963205293103376547e-01
-5.174227661149528590e-01
9.589013021792017755e-01
6.752546184791520245e-01
1.174102629320209340e-01
4.758302899245486217e-01
2.485649694649992025e-01
4.354769812294868037e-01
9.919537190406100269e-01
4.764169305756866257e-01
9.975423760640337312e-01
9.223003813288664920e-01
