1.790241877469385401e-01
-3.822383693432914731e-01
4.432355492330116165e-01
-6.989833235804822076e-01
8.105266343012497154e-01
1.646805909376562460e-01
5.590903241495571718e-01
-2.762563909078228352e-01
6.496336806641377359e-01
-9.007999558533916762e-01
-4.298770369777674683e-01
-7.058718735953264378e-01
1.363304094884612294e-01
6.012738135190436317e-01
-4.956803337026392531e-01
3.467283682275445478e-01
9.022032332055287540e-01
8.968832180667619669e-01
-2.121954219493381033e-01
-6.169974579845302065e-01
-6.985469512002661086e-01
-3.151876863991661115e-01
9.006830647072533447e-01
-8.780749348740842786e-01
7.641120762006406997e-01
-4.098168007224946008e-01
5.729281428700901957e-01
7.227233094523866086e-01
4.963870326390869558e-01
3.393307616144357608e-01
5.172550513862216315e-01
2.120811482008900795e-01
6.537749860098519550e-01
-9.282258889371080013e-01
3.382628022720102212e-01
-7.815099058220079664e-01
8.839584191191541818e-01
-6.899133029783423021e-01
-5.842309152948036571e-02
1.417926705418308397e-01
6.242193699377427407e-01
-8.728618478858928276e-01
8.316401896798362170e-01
9.863935175849198878e-01
-6.423653749543452030e-01
-1.681967761908799430e-01
-5.904998235347204139e-01
2.328101024108414699e-02
2.654956602486700096e-02
3.366316116518543178e-02
-3.905883555635966675e-01
1.044710354243695516e+00
-1.827887157673748764e-01
2.989001724691599526e-01
-4.484137524233833272e-01
-6.180842792942339292e-01
6.498922035725293589e-02
1.628953710703568980e-01
-1.711349273079472155e-01
-5.879919602936423129e-01
1.548352016594305436e-01
-9.575434316826378911e-01
-9.334940347938130989e-01
1.347482442047611972e-01
8.080372155024811986e-02
-3.421677202709167420e-01
2.281181718270379188e-01
-9.297109348036712850e-01
5.126318691574980324e-01
-9.447770441033908062e-01
1.929999238915696413e-01
8.748183196847708620e-01
-6.443585079204279253e-01
-6.635819355981255052e-01
1.727765571399851319e-01
-5.529697169658217559e-01
5.562414960306261147e-01
6.436657263307078436e-01
1.318707606076354455e-01
5.607339757637079813e-01
-3.317775050725270125e-01
-1.042138738819293337e-02
5.574035731111681019e-02
-4.878176981645477861e-01
4.270701069146786155e-01
-5.366677950189341351e-01
-8.634462359236939541e-03
2.113560600456725752e-02
-3.622073654150959054e-01
3.527752901743842484e-01
1.037669584128769973e+00
9.357822795380325853e-02
-8.476486764572532806e-01
7.990682310102732444e-01
-8.331062767945494052e-01
9.440367667938246443e-01
3.147067906787898717e-01
3.989555618500805756e-01
7.595079813079509412e-01
-4.360296425753997784e-01
9.998686549982563898e-01
9.410042813375654180e-01
3.721768025628141574e-01
-4.766046113796983952e-01
-7.030897967004681726e-02
-2.405185634389045701e-01
-3.871395791261869057e-01
-9.368837401030868373e-01
-1.954666649066261475e-01
-6.719925009602927268e-01
4.746311236818532286e-01
-2.808876698471593492e-01
6.656278979209103719e-01
5.192228332241114463e-01
9.085931793522590283e-01
1.369182682936319617e-01
-4.153505593406809915e-01
8.459360556496061667e-01
6.511151959862400140e-01
5.761817415596898195e-01
9.444257591381821637e-02
4.539079348484025278e-01
8.771970828790199848e-01
1.858449547472020014e-01
9.209055734061678544e-01
-2.550239412656157278e-01
-5.583317926136301956e-01
3.651880155445798581e-01
-9.077888148636156229e-01
3.257517135945688785e-02
6.179298963228621044e-01
-1.973294015721215877e-01
-5.860229331906542383e-01
9.578282568915277295e-01
8.527624845095075345e-01
7.396557751217940346e-01
7.314937414917965786e-01
3.548136818118091118e-01
2.303761341854099476e-01
-1.154079468091422089e-01
9.140670942016915212e-02
7.964685283935805105e-01
9.001915177806359969e-01
1.133194914448091839e-01
-6.570395175663862330e-01
1.847990297749189242e-02
7.088518680221855828e-01
3.299937994062730473e-01
-2.774336742420298041e-01
8.836190612772973907e-01
-5.620870379016104090e-01
-3.314339387219991662e-02
2.227009357317302068e-02
-3.444573839507511503e-01
8.320434729317550682e-01
1.025700069502011758e+00
-1.090747398194150675e-01
1.173852516478358782e-01
-2.292916786059833179e-01
8.461249788723710363e-01
6.490882642177331352e-01
-8.534935789793788308e-01
-2.742090394821685706e-01
6.493987823351795585e-01
4.168006147554450536e-01
6.503392648621895145e-01
-4.639861907519365891e-01
8.192803818584754039e-01
1.004809177842873158e+00
-6.042083796834329945e-01
-3.451727874676267099e-02
5.229024426134197823e-01
-3.258987123720273882e-01
-7.809431057894709871e-02
-6.478198978409280828e-01
3.260869019130869795e-01
-2.198166307552316609e-02
4.133881250314913047e-01
9.015938272388275276e-01
7.929611203464839164e-01
-6.035429550257573883e-01
3.314230005878983365e-02
-6.719914659372363541e-01
2.336179461874433039e-01
-6.916961502068205148e-01
-2.325409555210037615e-01
-7.017356100231119109e-01
-5.423656419722593380e-01
-6.720993650274647013e-01
-2.016368481228340837e-01
-3.640026213305100899e-01
-7.934430737473963102e-01
-4.344518380125335089e-01
2.285375835255164523e-01
6.646676566118594476e-01
6.720208762138062397e-01
1.885639304067667499e-01
-8.192644361730060387e-01
-1.823760607128170619e-01
6.702351770887959859e-01
7.404779173851609997e-01
7.023591576054963870e-01
-9.617658975588239123e-01
-4.115909393025241059e-01
-8.100308763710244442e-01
-9.397744660811804263e-01
2.084348418154766125e-01
4.601859943158572719e-01
-6.100172692656635060e-02
-5.235337506988944067e-01
-3.013278291302274314e-01
-5.009595099834719401e-01
2.251534071356985356e-01
-1.887080985890697282e-01
-9.993017309844622886e-01
3.059278954976695636e-02
4.515733043084455695e-02
8.574361041753100071e-03
5.566768513544907426e-01
-6.222634834464257914e-01
1.039559898604242694e+00
-8.377744028760070183e-01
-1.407921634627927188e-01
-1.476317811422839521e-01
-7.659405135601936587e-01
7.632388284388312849e-01
2.975861150893348017e-01
-5.125631958547678391e-01
-6.212711337597071060e-01
4.573748888210701913e-01
9.999558063976023981e-01
2.751622710698102825e-01
6.891983565862997985e-01
-8.961273069013379056e-01
-3.530470033981772948e-01
7.589540716423909261e-01
-7.082236828821428798e-01
7.695955917028857174e-01
6.529139983405854997e-01
2.740054287086590712e-01
-8.441121422636310712e-01
-2.960890332285354698e-01
-8.864715699705011387e-01
-6.797640209523333477e-01
-5.633756926985639818e-02
8.777976356326752105e-01
-6.862628628118065954e-01
9.464586714129765710e-01
9.384291731071330300e-01
-9.222583722446936472e-01
1.081441669652920962e-01
-9.111033058732471712e-01
-4.831020101065691685e-01
3.786935117678748020e-01
7.410200631603135468e-01
-3.241511542929506051e-01
2.472438311678850087e-01
1.667798070500426874e-02
-9.289905216595319981e-01
7.175240956447700436e-01
1.000000000000000000e+00
1.000000000000000000e+00
1.000000000000000000e+00
1.000000000000000000e+00
1.000000000000000000e+00
1.000000000000000000e+00
3.876815600505873483e-01
6.648816164119107919e-01
4.959565106429527637e-01
5.056334957556265497e-01
9.726350603303848263e-01
1.000000000000000000e+00
5.458548787442811800e-01
1.000000000000000000e+00
1.000000000000000000e+00
1.930489778429033410e-01
1.000000000000000000e+00
1.000000000000000000e+00
4.835805726635049040e-01
1.000000000000000000e+00
1.018542246676008345e+00
1.000000000000000000e+00
1.000000000000000000e+00
2.649621070262285216e-01
1.000000000000000000e+00
1.000000000000000000e+00
7.151552703293244662e-01
1.000000000000000000e+00
9.928796580908777480e-01
8.194169821304930768e-01
1.000000000000000000e+00
3.412472997513513739e-01
1.000000000000000000e+00
1.607046604202950757e-01
1.000000000000000000e+00
1.000000000000000000e+00
8.628776156181423573e-01
1.000000000000000000e+00
1.000000000000000000e+00
5.625327629857702627e-01
1.720036632178860991e-01
1.021708635300908607e+00
1.000000000000000000e+00
1.000000000000000000e+00
1.000000000000000000e+00
4.478508175942830238e-01
1.000000000000000000e+00
8.665784195840742221e-01
5.407411276511711051e-01
7.839161600625687010e-01
5.184811707050134277e-01
8.912204128294034522e-01
4.959662584268317298e-01
7.350195583074318195e-01
1.000000000000000000e+00
1.000000000000000000e+00
2.015193040784251932e-01
1.000000000000000000e+00
1.000000000000000000e+00
1.000000000000000000e+00
9.488267283877173108e-01
1.000000000000000000e+00
1.019549997548861775e+00
1.000000000000000000e+00
1.000000000000000000e+00
1.000000000000000000e+00
7.380651648173548462e-01
1.000000000000000000e+00
3.854155829609386963e-01
5.726183908562502145e-01
1.000000000000000000e+00
6.858701670622208146e-01
4.223083984634901644e-01
1.000000000000000000e+00
6.370059688229132711e-01
9.470724878053836671e-01
1.000000000000000000e+00
1.000000000000000000e+00
2.963502522960470009e-01
1.000000000000000000e+00
4.623089293521485121e-01
1.000000000000000000e+00
1.000000000000000000e+00
1.020544940459308547e+00
5.859218139563713290e-01
1.000000000000000000e+00
1.000000000000000000e+00
9.784631387297592076e-01
7.554290935640277649e-01
1.000000000000000000e+00
2.749818204299561142e-01
3.235540615134591680e-01
6.628837505877311909e-01
1.000000000000000000e+00
1.000000000000000000e+00
8.972603180175788840e-01
1.000000000000000000e+00
9.589385340097846822e-01
5.599210249782825555e-01
5.298869549510527577e-01
1.000000000000000000e+00
7.614138100961695965e-01
1.000000000000000000e+00
1.000000000000000000e+00
1.018891146783907242e+00
1.000000000000000000e+00
1.000000000000000000e+00
1.000000000000000000e+00
5.271374279300765631e-01
5.423674634274868733e-01
9.130800307727874321e-01
6.967075418299684131e-01
1.000000000000000000e+00
4.889311437050169462e-01
9.754537531270167650e-01
1.000000000000000000e+00
5.959438420930470715e-01
1.000000000000000000e+00
4.781879937367423117e-01
1.000000000000000000e+00
4.833341481043942345e-01
1.000000000000000000e+00
1.000000000000000000e+00
5.569912612455275580e-01
1.000000000000000000e+00
1.019609292944299250e+00
1.000000000000000000e+00
6.692435103964744503e-01
1.000000000000000000e+00
1.000000000000000000e+00
8.769445321681227368e-01
7.598915577213178896e-01
1.000000000000000000e+00
1.000000000000000000e+00
1.000000000000000000e+00
5.098938259515833904e-01
5.839654113274228564e-01
3.696656097470135682e-01
1.000000000000000000e+00
1.000000000000000000e+00
5.916424616022120109e-01
1.000000000000000000e+00
3.375396306070848063e-01
7.529278888343498011e-01
1.000000000000000000e+00
6.772952352423541322e-01
1.021997539686549050e+00
9.195030802463739494e-01
1.000000000000000000e+00
1.000000000000000000e+00
5.610190908696459644e-01
6.767201835850319425e-01
-9.468118030093881574e-03
2.949644208535883716e-01
1.000000000000000000e+00
1.000000000000000000e+00
1.000000000000000000e+00
1.000000000000000000e+00
1.000000000000000000e+00
1.000000000000000000e+00
1.000000000000000000e+00
6.618255973227796796e-01
1.000000000000000000e+00
8.120183136498491105e-01
5.865438599892640603e-01
9.326042608931367495e-01
1.000000000000000000e+00
1.019269413930585566e+00
7.078790629656357414e-01
9.195689561887064878e-01
3.201952152959441911e-01
8.430095805041167845e-01
4.757845580516615880e-01
1.000000000000000000e+00
1.000000000000000000e+00
1.618107231558782722e-01
1.000000000000000000e+00
1.000000000000000000e+00
1.000000000000000000e+00
4.674563024164084535e-01
1.000000000000000000e+00
1.000000000000000000e+00
1.000000000000000000e+00
1.000000000000000000e+00
1.000000000000000000e+00
1.000000000000000000e+00
3.214120544342474184e-01
1.000000000000000000e+00
1.019236782343534431e+00
9.975423786031498152e-02
8.064019565460692762e-01
1.000000000000000000e+00
1.000000000000000000e+00
1.000000000000000000e+00
1.000000000000000000e+00
1.000000000000000000e+00
1.000000000000000000e+00
1.000000000000000000e+00
6.369766284262150524e-01
1.000000000000000000e+00
-7.493039896646121883e-03
1.000000000000000000e+00
1.000000000000000000e+00
1.000000000000000000e+00
9.463449431874123574e-01
8.563117556112891382e-01
5.398471844590874147e-02
9.125440561947603113e-01
1.000000000000000000e+00
1.020347182917441531e+00
1.697136074174663278e-01
9.982501669043409853e-01
9.492436371984021015e-01
1.000000000000000000e+00
1.000000000000000000e+00
1.000000000000000000e+00
9.640828863318764430e-01
3.345043359907430291e-01
4.312514470852427673e-01
1.000000000000000000e+00
9.200838871484563475e-01
1.000000000000000000e+00
1.000000000000000000e+00
1.000000000000000000e+00
3.793201616043627156e-01
1.000000000000000000e+00
1.000000000000000000e+00
5.235109835101788844e-01
4.132791496797844077e-01
1.000000000000000000e+00
1.018540142236703527e+00
1.000000000000000000e+00
1.000000000000000000e+00
1.000000000000000000e+00
6.851234469712429442e-01
4.463165183870088648e-01
7.827773247832700010e-01
5.073225404685985929e-01
1.000000000000000000e+00
9.295410478348202776e-01
1.000000000000000000e+00
1.000000000000000000e+00
6.536608759145082770e-01
1.000000000000000000e+00
7.729870113527307351e-01
4.178119799119926481e-01
9.052683606086200374e-01
1.000000000000000000e+00
1.640106328573069649e-01
1.000000000000000000e+00
1.000000000000000000e+00
1.019841564365745246e+00
1.000000000000000000e+00
1.000000000000000000e+00
8.604122398494540302e-01
1.000000000000000000e+00
5.380638880507626620e-01
9.474044806786350303e-01
1.000000000000000000e+00
1.000000000000000000e+00
2.470762585249131060e-01
7.442458620552409032e-01
1.000000000000000000e+00
2.018514333213975442e-01
1.000000000000000000e+00
1.000000000000000000e+00
3.147560707468200492e-01
1.000000000000000000e+00
1.000000000000000000e+00
1.148001110463519742e-01
1.000000000000000000e+00
9.696891035387811275e-01
1.023129091251910205e+00
5.512793079497174675e-01
8.351472446036591890e-01
1.000000000000000000e+00
5.233788827115330999e-01
8.851887191262711729e-01
1.000000000000000000e+00
8.736532752747350195e-01
7.569881016212194336e-01
1.000000000000000000e+00
1.000000000000000000e+00
1.000000000000000000e+00
1.880118200514566407e-01
6.640858283014371422e-01
1.000000000000000000e+00
1.000000000000000000e+00
1.000000000000000000e+00
5.927270697685358414e-01
1.000000000000000000e+00
8.707176932451418105e-01
1.000000000000000000e+00
1.017518496656673044e+00
1.000000000000000000e+00
4.812393287008664422e-01
1.000000000000000000e+00
1.000000000000000000e+00
4.437918052261575208e-01
1.000000000000000000e+00
4.547794737894662043e-01
8.305398227160670777e-01
9.389890324532954580e-01
1.000000000000000000e+00
1.000000000000000000e+00
1.000000000000000000e+00
1.000000000000000000e+00
7.098198556314855301e-01
-1.607101662682591248e-01
1.000000000000000000e+00
1.000000000000000000e+00
4.219602596390999993e-01
1.000000000000000000e+00
1.000000000000000000e+00
1.019790594831037733e+00
1.000000000000000000e+00
4.017627447415850761e-01
3.041206579703088497e-01
1.000000000000000000e+00
9.333906186336549116e-01
5.913209943987136619e-01
1.000000000000000000e+00
1.000000000000000000e+00
1.000000000000000000e+00
5.603878322360282827e-01
1.000000000000000000e+00
9.955020937747358634e-01
2.970185999107117780e-01
1.000000000000000000e+00
1.000000000000000000e+00
4.381346312391101172e-01
9.400014256057136475e-01
8.645387821133148076e-01
8.331759457191169060e-01
1.000000000000000000e+00
1.017784359391757487e+00
1.000000000000000000e+00
1.000000000000000000e+00
1.000000000000000000e+00
1.000000000000000000e+00
5.717635229160236143e-01
1.000000000000000000e+00
1.000000000000000000e+00
8.323628836432290790e-01
7.270460306824911845e-01
7.870294303434463012e-01
7.576110267732829584e-01
5.164328093085497340e-01
1.000000000000000000e+00
7.408061353899435542e-01
1.172646139218315176e-01
1.000000000000000000e+00
1.000000000000000000e+00
3.725478169354505265e-01
1.000000000000000000e+00
7.030611209097357150e-01
1.019229701634135177e+00
1.000000000000000000e+00
1.000000000000000000e+00
8.484082956324058289e-01
1.000000000000000000e+00
5.871473888440228439e-01
1.000000000000000000e+00
3.169449604527644904e-01
1.000000000000000000e+00
5.715612844519063485e-01
1.000000000000000000e+00
1.000000000000000000e+00
9.672922772841142658e-01
1.000000000000000000e+00
8.838008194525256433e-01
1.000000000000000000e+00
7.248441240235683480e-01
7.717517642174043235e-01
5.131189654987078352e-01
3.363041578689953681e-01
8.782839274745644076e-01
1.017535307897934560e+00
1.000000000000000000e+00
9.855752601076933628e-01
4.995562307773402932e-01
1.000000000000000000e+00
5.693273509858158832e-01
1.000000000000000000e+00
1.000000000000000000e+00
1.000000000000000000e+00
3.116982927970871065e-01
1.000000000000000000e+00
1.000000000000000000e+00
2.235099472475795823e-01
1.000000000000000000e+00
1.000000000000000000e+00
1.000000000000000000e+00
3.869278380612949375e-01
8.143507859525277448e-01
6.744827317656649779e-01
1.000000000000000000e+00
3.423158364694511291e-01
1.024603318046493960e+00
1.000000000000000000e+00
1.000000000000000000e+00
5.983275723318385309e-01
1.000000000000000000e+00
1.000000000000000000e+00
1.000000000000000000e+00
1.000000000000000000e+00
1.000000000000000000e+00
6.601980775379512334e-01
8.765326192152118612e-01
1.000000000000000000e+00
4.366080747854768629e-01
7.290982670802110821e-01
9.339887304546565794e-01
4.958388378321575973e-01
5.807427984886278649e-01
8.850212960008748686e-01
5.465322203356680619e-01
1.000000000000000000e+00
5.712312926598401841e-01
1.018057546323224427e+00
-1.000000000000000000e+00
-1.000000000000000000e+00
-1.000000000000000000e+00
-1.000000000000000000e+00
-1.000000000000000000e+00
-1.000000000000000000e+00
-1.000000000000000000e+00
-1.000000000000000000e+00
-1.000000000000000000e+00
-1.000000000000000000e+00
-1.000000000000000000e+00
-1.000000000000000000e+00
-1.000000000000000000e+00
-1.000000000000000000e+00
-1.000000000000000000e+00
-1.000000000000000000e+00
-1.000000000000000000e+00
-1.000000000000000000e+00
-1.000000000000000000e+00
-1.000000000000000000e+00
-3.000000000000000000e+00
