-7.366129210334711186e-02
9.079876638027809532e-01
3.623665770343708487e-02
6.693602018112788654e-01
-7.203018780135660160e-02
-6.619605579978744547e-01
-8.283094485899797910e-01
-5.882875063559424023e-01
5.109916035852067884e-01
-3.678059484438840898e-01
-8.566152780298796898e-01
-6.964221689154200812e-01
-8.784642313328410168e-01
-7.863449353014653198e-01
-2.850728734225685401e-01
-8.159805740683381270e-01
-6.492065795539884165e-01
-1.122453070075213055e-01
8.538348120114697126e-01
-9.259247256333134890e-02
2.375321154930014333e-01
3.104599931833291193e-01
-5.127449648937343341e-01
-8.724500357122215444e-02
9.752545226401216905e-01
-5.934567510762929210e-01
-2.648626390105741080e-01
-1.864599962335849181e-01
-9.115283512198483207e-01
8.624931362140095814e-01
-4.884346729075952909e-01
1.508647071325236975e-02
-8.394913958708316581e-01
-5.631475017055844745e-01
9.885769977265214115e-01
6.310699667598018703e-01
2.782925699585569457e-01
-9.241566654760149935e-02
5.497671488253434990e-01
-1.992259555080813926e-01
-7.566773058567394239e-01
7.323588960848287366e-01
-6.817641243434381382e-01
-3.073721200266288922e-01
-3.331368379818531178e-01
8.194891201464344910e-01
4.186018808178561534e-01
6.278773893750480006e-01
-1.974325339996914896e-01
4.928661252543907190e-01
6.569718757182709812e-01
7.398365015024098712e-01
9.070128244512247750e-01
8.675677423247879494e-01
2.368609890051564804e-01
-2.341605411556090810e-01
-9.453689641300891400e-02
4.351089481483616517e-01
-9.848208891176592206e-02
-1.870757780245664026e-01
-8.869065444143056087e-01
4.853080695276820178e-01
-6.447563799814969299e-01
-7.290731064169780895e-01
-9.527447221925012810e-01
-9.828659842773147526e-01
-3.755330031930407264e-01
1.016836991649809202e-01
3.564426066351716327e-01
1.662708769912389084e-01
4.296342797579728590e-01
-7.683951089287902603e-01
-3.601852984957416570e-01
3.327311562559459590e-01
6.022402779895191793e-01
2.171652214116190083e-01
7.675929168122911372e-01
4.653839930512614353e-01
6.360123438215605773e-01
-2.427612079060349481e-01
4.601197883889833196e-01
-1.945299438885866317e-01
2.041452175934498070e-01
-7.080621763754315623e-01
-6.012728770833687397e-01
5.677652203203019665e-01
-7.303362119065849312e-01
3.119004262593245147e-01
2.848941206770209122e-01
2.103936092726742813e-01
5.676736520355033511e-01
1.185485944056401814e-01
-6.178950539867428260e-01
5.952875099940634351e-01
9.721874361143723053e-01
-6.583527132025301931e-01
-8.186146979677835778e-02
-9.083674766711987703e-01
2.388275458870267251e-02
-6.716559997348064970e-01
-9.129281432066242985e-01
3.731629539432983200e-02
1.733163881816576213e-01
8.951708053535014642e-01
-6.151230017488784618e-01
1.927118172005895247e-01
-7.564559290646226675e-01
-3.471368398390580756e-01
-2.960330642536376441e-02
1.830770867376583511e-01
8.134350965554050239e-01
-7.176163790302354517e-01
-1.840755693031967677e-01
