-2.808299299725059983e-01
8.449127345025057023e-01
-2.391532327825766358e-01
8.457494616329342962e-01
-1.861142637522845700e-01
-7.931013441359152649e-01
-6.638361129587122544e-01
-3.181090809129179520e-01
4.679589848828821785e-01
-3.967839745034697496e-01
-8.388269663106316942e-01
-6.406076787603471878e-01
-9.999990646259803162e-01
-8.131194839019738607e-01
-4.608779163674237012e-01
-7.943715552799941459e-01
-6.844907831354761774e-01
-1.464637281104730071e-01
8.665705203907388965e-01
7.600087947859193727e-02
2.523596717312446280e-01
1.027960701063819621e-01
-3.399125680968029251e-01
2.189938979223886306e-01
8.725629608589897668e-01
-5.818289147903888958e-01
-3.357709994665272757e-01
-6.869838966972927063e-02
-9.779272805423124826e-01
8.254702340198610822e-01
-4.721659237780308493e-01
1.438942769145566680e-01
-8.113196683042515067e-01
-5.221585194210907055e-01
9.964292872994714445e-01
6.667504406581313825e-01
2.469609426463555413e-01
-6.283405407438415191e-02
5.376393847349012489e-01
-1.601382291016372195e-01
-8.065527073322622531e-01
7.309040302765670294e-01
-6.850311391855982146e-01
-3.062670013280076597e-01
-3.273363831367568921e-01
8.149775833349333087e-01
4.221960150298063597e-01
6.384594349954912929e-01
-1.923475099564256885e-01
4.819574879820914814e-01
7.478685585145493642e-01
7.286100327326660020e-01
7.926365080876067726e-01
9.270473403866104078e-01
3.722880980794411876e-01
-2.844915886244129277e-01
-2.136591178435498783e-01
5.521930835640951329e-01
4.010408816291102796e-02
-1.891653766472628229e-01
-7.676141624761094739e-01
6.418031691062194843e-01
-5.316816394576201477e-01
-8.433120150405081228e-01
-8.781699215392404501e-01
-9.344699893706430727e-01
-2.334788882590189685e-01
-7.684906576416036805e-02
3.558433009611099984e-01
1.426006115607600933e-01
3.732123358309158423e-01
-7.485659194173175379e-01
-3.589901709442607780e-01
3.984449807495605844e-01
7.052325566816988189e-01
2.370454149657604814e-01
8.451029107248357874e-01
4.590780126788012727e-01
6.541704641985371937e-01
-2.380346649658011404e-01
4.738357749775047867e-01
-2.176781223431621670e-01
2.357566884950323960e-01
-6.610847893860415381e-01
-5.806112738371314030e-01
5.683661595760506335e-01
-6.653549993970874210e-01
2.836868925872180758e-01
1.951495369115451017e-01
1.331807996548247941e-01
5.801576733955157161e-01
1.371724390579958097e-01
-5.578863700734981723e-01
5.790363370346658378e-01
9.901415559483294215e-01
-6.998317010553446460e-01
-4.414564508687924410e-02
-8.504356261760738223e-01
6.941376418437873730e-02
-6.820554105341208873e-01
-9.291507027711959354e-01
1.778482671080609118e-02
2.106745753989422432e-01
8.319196639810906291e-01
-5.427169635217381494e-01
1.931331725142595712e-01
-8.679970668714599435e-01
-4.780421801767881784e-01
5.259355691495426477e-01
4.221079845180355367e-02
6.427809320975954588e-01
-7.755755003046694851e-01
-2.019034497485743818e-01
