-9.739185200177863377e-02
8.975911866918231397e-01
7.140949712941222285e-03
7.079789496193793497e-01
-7.560101523903703380e-02
-6.842546446240186375e-01
-8.341080457135922055e-01
-5.839670424965894835e-01
5.216869868433492430e-01
-3.524806948518772187e-01
-8.709106648168263298e-01
-7.231955203542851374e-01
-8.708525318661084480e-01
-7.742085765374543405e-01
-2.976005278234347684e-01
-8.381646824820409014e-01
-6.330496131015167505e-01
-1.088452274226745509e-01
8.102304477433353025e-01
-1.329632754283071872e-01
2.513479342654140192e-01
3.579573252336048506e-01
-4.942313739679696227e-01
-1.007470675333702881e-01
9.570439159508855598e-01
-6.050382132476436192e-01
-2.536749872440077769e-01
-1.287772443084762852e-01
-8.816264089413209382e-01
9.145467664944142427e-01
-4.248189290221172087e-01
-2.116863991433058645e-02
-8.322090486786084540e-01
-5.628108623057506144e-01
9.934439618435869646e-01
6.179540912073778758e-01
2.716018030149257023e-01
-8.175701668725940396e-02
5.481362057973089286e-01
-1.874405252534271926e-01
-7.706489397610655212e-01
7.289125850276995111e-01
-6.843935628252832970e-01
-3.118198126593893504e-01
-3.305835700077859873e-01
8.233813494479124140e-01
4.140858430912252031e-01
6.280552035751388873e-01
-2.018065482919533249e-01
4.939319649215951902e-01
6.544373670636295381e-01
7.429774767412943293e-01
9.182637023185803438e-01
8.675189410130765832e-01
2.334525671457965135e-01
-2.295284778795776970e-01
-8.943522461260786094e-02
4.309785690478184494e-01
-1.153366755758681306e-01
-1.819433092294816257e-01
-8.883122152650575476e-01
4.906960948414734736e-01
-6.525915057239356498e-01
-7.300381148518449992e-01
-9.500376915128688760e-01
-9.842350464642258823e-01
-3.749267060044669808e-01
9.253651505086625539e-02
3.594529482647690344e-01
1.639930054313183672e-01
4.283260606089083211e-01
-7.746648875655478550e-01
-3.580949468161200855e-01
3.307013144955549544e-01
5.987540377700113492e-01
2.146254745655550022e-01
7.681110363940921726e-01
4.734977731718776894e-01
6.397482202190367673e-01
-2.407753227259547268e-01
4.632477146546704061e-01
-1.924538088168547822e-01
2.012065686058082670e-01
-7.156563443399908131e-01
-6.015562102636317077e-01
5.642371690249504690e-01
-7.160804036723502630e-01
3.312744628072951669e-01
3.014209901994080454e-01
2.130160838318025107e-01
5.754618123568799870e-01
9.914323468533577099e-02
-6.395774877212384579e-01
5.808615506333393297e-01
9.675096822922697459e-01
-6.712101776908877548e-01
-7.033288390826651637e-02
-8.975018605371202218e-01
4.151752112063662736e-02
-6.866218844473473970e-01
-9.016420471862370833e-01
5.306195130338545868e-02
1.700100969858193700e-01
8.914809013194658904e-01
-5.877279602523018953e-01
1.779335701131979086e-01
-7.444742418385943417e-01
-3.734817042240561324e-01
-7.089550097242471038e-02
2.236585615965790697e-01
8.127246367165801288e-01
-7.254444179950458871e-01
-1.943316062107144360e-01
